-41.1142824,-4.0405647
-41.1203449,-4.0363390
-41.1238953,-4.0371280
-41.1337205,-4.0351533
-41.1430977,-4.0368131
-41.1532553,-4.0348934
-41.1599501,-4.0317114
-41.1688115,-4.0330701
-41.1718147,-4.0324776
-41.1760204,-4.0287689
-41.1806596,-4.0276933
-41.1838065,-4.0244013
-41.1829153,-4.0179652
-41.1817638,-4.0175939
-41.1813678,-4.0132583
-41.1711292,-4.0070953
-41.1644059,-3.9986337
-41.1566915,-3.9993617
-41.1525665,-3.9952200
-41.1479871,-3.9940701
-41.1434821,-3.9949336
-41.1399640,-3.9914278
-41.1190261,-3.9866472
-41.1073855,-4.0021097
-41.0989181,-4.0057184
-41.0935941,-4.0062547
-41.0748429,-3.9961061
-41.0683134,-3.9963953
-41.0636495,-3.9945676
-41.0577924,-3.9955039
-41.0477499,-3.9928384
-41.0441098,-3.9932258
-41.0417855,-3.9954202
-41.0324783,-3.9961178
-41.0276805,-3.9913367
-41.0260419,-3.9923783
-41.0181677,-3.9899130
-41.0104115,-3.9900410
-41.0077443,-3.9874270
-41.0042567,-3.9889214
-41.0008159,-3.9874293
-40.9876962,-3.9889405
-40.9798111,-3.9863755
-40.9708643,-3.9858845
-40.9635135,-3.9829682
-40.9503931,-3.9869965
-40.9300231,-3.9883024
-40.9252869,-3.9870098
-40.9222257,-3.9885303
-40.9047925,-3.9906672
-40.8992355,-3.9935350
-40.8959603,-3.9927357
-40.8941413,-3.9940620
-40.8916569,-3.9917467
-40.8850599,-3.9932585
-40.8811962,-3.9910337
-40.8764178,-3.9920238
-40.8685947,-3.9817920
-40.8670301,-3.9828118
-40.8639680,-3.9794110
-40.8570866,-3.9765642
-40.8477241,-3.9768995
-40.8438172,-3.9794777
-40.8393873,-3.9889658
-40.8459697,-3.9919211
-40.8473537,-3.9966006
-40.8473536,-3.9966006
-40.8459696,-3.9919211
-40.8388810,-3.9884733
-40.8401160,-3.9628915
-40.8362457,-3.9590029
-40.8254128,-3.9592867
-40.8226950,-3.9573158
-40.8195066,-3.9542609
-40.8119629,-3.9529033
-40.8071369,-3.9532335
-40.8045804,-3.9560704
-40.7989949,-3.9556382
-40.7958435,-3.9538149
-40.7940036,-3.9541501
-40.7816060,-3.9529548
-40.7779642,-3.9548494
-40.7706071,-3.9524779
-40.7664501,-3.9539873
-40.7613723,-3.9511652
-40.7589804,-3.9515032
-40.7545992,-3.9552340
-40.7512941,-3.9555744
-40.7508505,-3.9571992
-40.7508505,-3.9571994
-40.7458925,-3.9616392
-40.7385418,-3.9620431
-40.7312849,-3.9670980
-40.7312849,-3.9670980
-40.7292976,-3.9766458
-40.7249573,-3.9983578
-40.7132572,-4.0570274
-40.7122485,-4.0618774
-40.6825500,-4.0575647
-40.7146012,-4.1489757
-40.7122779,-4.1506797
-40.7160376,-4.1537060
-40.7156214,-4.1558235
-40.7123980,-4.1573770
-40.7155734,-4.1585389
-40.7157362,-4.1601860
-40.7100868,-4.1634389
-40.7136725,-4.1659384
-40.7124794,-4.1698645
-40.7142825,-4.1728368
-40.7157304,-4.1819200
-40.7244441,-4.1831324
-40.7172786,-4.1878158
-40.7164351,-4.1894118
-40.7277116,-4.1921026
-40.7275169,-4.1995544
-40.7337063,-4.2043940
-40.7339432,-4.2095736
-40.7359057,-4.2115872
-40.7362765,-4.2186020
-40.7378674,-4.2209036
-40.7610629,-4.2311435
-40.7777716,-4.2340701
-40.7872378,-4.2412396
-40.7902563,-4.2541166
-40.8030091,-4.2667192
-40.8009971,-4.2697903
-40.8021905,-4.2745742
-40.8012138,-4.2768582
-40.7924186,-4.2879637
-40.7899127,-4.3085063
-40.7873250,-4.3126622
-40.7882718,-4.3194841
-40.7934538,-4.3266185
-40.7994956,-4.3310859
-40.8031215,-4.3451495
-40.8031216,-4.3451495
-40.8045906,-4.3481843
-40.8043061,-4.3537126
-40.8002354,-4.3639211
-40.7844269,-4.3603333
-40.7772671,-4.3621090
-40.7734298,-4.3577370
-40.7701033,-4.3488035
-40.7670716,-4.3483851
-40.7646997,-4.3602643
-40.7726007,-4.3641255
-40.7750189,-4.3678310
-40.7716154,-4.3733992
-40.7708498,-4.3814476
-40.7748855,-4.3830201
-40.7792087,-4.3872115
-40.7831321,-4.3879136
-40.7855704,-4.4004880
-40.7889333,-4.4017901
-40.7879905,-4.4029615
-40.7898938,-4.4063670
-40.7799835,-4.4071609
-40.7787543,-4.4078708
-40.7792052,-4.4094555
-40.7849251,-4.4122788
-40.7840948,-4.4155549
-40.7894305,-4.4223979
-40.7939908,-4.4236102
-40.7989572,-4.4217808
-40.8031034,-4.4249585
-40.8095655,-4.4338944
-40.8117656,-4.4446112
-40.8203155,-4.4506498
-40.8254818,-4.4589153
-40.8237552,-4.4553800
-40.8203154,-4.4506499
-40.8185985,-4.4492691
-40.8161292,-4.4483317
-40.8161292,-4.4483317
-40.8161292,-4.4483317
-40.8161292,-4.4483317
-40.8139486,-4.4468249
-40.8139486,-4.4468249
-40.8139486,-4.4468249
-40.8139486,-4.4468249
-40.8117655,-4.4446113
-40.8117655,-4.4446113
-40.8117655,-4.4446113
-40.8117655,-4.4446113
-40.8117655,-4.4446113
-40.8117655,-4.4446113
-40.8115580,-4.4441342
-40.8115580,-4.4441342
-40.8115580,-4.4441342
-40.8114036,-4.4434872
-40.8114036,-4.4434871
-40.8112880,-4.4430028
-40.8111844,-4.4426826
-40.8111402,-4.4425457
-40.8103829,-4.4402036
-40.8103829,-4.4402036
-40.8103829,-4.4402036
-40.8103829,-4.4402036
-40.8100211,-4.4365659
-40.8095654,-4.4338944
-40.8080823,-4.4308390
-40.8061192,-4.4283322
-40.8061185,-4.4283314
-40.8031039,-4.4249592
-40.8031034,-4.4249586
-40.8015115,-4.4233686
-40.7989572,-4.4217809
-40.7988783,-4.4218100
-40.7939908,-4.4236103
-40.7939814,-4.4236167
-40.7939506,-4.4236379
-40.7830326,-4.4311232
-40.7745331,-4.4369499
-40.7745331,-4.4369499
-40.7338064,-4.4648553
-40.7338064,-4.4648553
-40.7166935,-4.4765763
-40.7072244,-4.4830610
-40.7072244,-4.4830610
-40.7072244,-4.4830610
-40.7072244,-4.4830611
-40.7072244,-4.4830611
-40.7072244,-4.4830611
-40.7072244,-4.4830611
-40.7072244,-4.4830611
-40.7072244,-4.4830611
-40.7072244,-4.4830611
-40.7072244,-4.4830611
-40.7050359,-4.4825925
-40.7050359,-4.4825925
-40.7050359,-4.4825925
-40.7050359,-4.4825925
-40.7050359,-4.4825925
-40.7050359,-4.4825925
-40.7050359,-4.4825925
-40.7050359,-4.4825924
-40.7034731,-4.4810781
-40.7034731,-4.4810781
-40.7034731,-4.4810781
-40.7034731,-4.4810781
-40.7034731,-4.4810781
-40.7022061,-4.4786186
-40.7022061,-4.4786186
-40.7022061,-4.4786186
-40.7022061,-4.4786186
-40.7022061,-4.4786186
-40.7022061,-4.4786186
-40.7022061,-4.4786186
-40.7022061,-4.4786186
-40.7022061,-4.4786186
-40.7022061,-4.4786186
-40.7022061,-4.4786186
-40.7022061,-4.4786186
-40.7022061,-4.4786186
-40.7022061,-4.4786186
-40.7022061,-4.4786186
-40.7022062,-4.4786186
-40.7035626,-4.4773823
-40.7034092,-4.4742565
-40.7008494,-4.4716281
-40.7008494,-4.4716281
-40.7008494,-4.4716281
-40.7008494,-4.4716281
-40.7008494,-4.4716281
-40.6994549,-4.4687006
-40.6983769,-4.4674837
-40.6983769,-4.4674837
-40.6983769,-4.4674837
-40.6983769,-4.4674837
-40.6983769,-4.4674837
-40.6983769,-4.4674837
-40.6983769,-4.4674837
-40.6969746,-4.4605515
-40.6969746,-4.4605515
-40.6969746,-4.4605515
-40.6967959,-4.4555962
-40.6963125,-4.4547765
-40.6963125,-4.4547765
-40.6963125,-4.4547765
-40.6963125,-4.4547765
-40.6953552,-4.4517371
-40.6937993,-4.4504811
-40.6937993,-4.4504811
-40.6937993,-4.4504811
-40.6937993,-4.4504811
-40.6937993,-4.4504811
-40.6915924,-4.4472753
-40.6884786,-4.4438862
-40.6845763,-4.4404965
-40.6845763,-4.4404965
-40.6845763,-4.4404965
-40.6845763,-4.4404965
-40.6845763,-4.4404965
-40.6827279,-4.4371950
-40.6801416,-4.4340356
-40.6801416,-4.4340356
-40.6801416,-4.4340356
-40.6801416,-4.4340356
-40.6801416,-4.4340356
-40.6801415,-4.4340356
-40.6796592,-4.4322685
-40.6796592,-4.4322685
-40.6796592,-4.4322685
-40.6796592,-4.4322685
-40.6796592,-4.4322685
-40.6796592,-4.4322684
-40.6796592,-4.4322684
-40.6796592,-4.4322684
-40.6796592,-4.4322684
-40.6816310,-4.4276110
-40.6811735,-4.4270059
-40.6790786,-4.4288255
-40.6768453,-4.4349737
-40.6768279,-4.4372093
-40.6774944,-4.4385596
-40.6774944,-4.4385596
-40.6774944,-4.4385596
-40.6774945,-4.4385596
-40.6774945,-4.4385596
-40.6774945,-4.4385596
-40.6774945,-4.4385596
-40.6774945,-4.4385596
-40.6774944,-4.4385596
-40.6774944,-4.4385596
-40.6774944,-4.4385596
-40.6774944,-4.4385596
-40.6774944,-4.4385596
-40.6774944,-4.4385596
-40.6774944,-4.4385596
-40.6774944,-4.4385596
-40.6774944,-4.4385596
-40.6730137,-4.4418263
-40.6708473,-4.4452287
-40.6682351,-4.4524010
-40.6682351,-4.4524010
-40.6682351,-4.4524011
-40.6682351,-4.4524011
-40.6642099,-4.4581375
-40.6620460,-4.4626096
-40.6620460,-4.4626096
-40.6620460,-4.4626096
-40.6620460,-4.4626096
-40.6620460,-4.4626096
-40.6620460,-4.4626096
-40.6620460,-4.4626096
-40.6620460,-4.4626096
-40.6620460,-4.4626097
-40.6620460,-4.4626097
-40.6620460,-4.4626097
-40.6620460,-4.4626097
-40.6620460,-4.4626097
-40.6595147,-4.4628502
-40.6574609,-4.4641223
-40.6573009,-4.4670403
-40.6573009,-4.4670403
-40.6573009,-4.4670403
-40.6573009,-4.4670403
-40.6564641,-4.4702986
-40.6562117,-4.4712812
-40.6562117,-4.4712812
-40.6562117,-4.4712812
-40.6562117,-4.4712812
-40.6562117,-4.4712812
-40.6562117,-4.4712812
-40.6562117,-4.4712812
-40.6562117,-4.4712812
-40.6562117,-4.4712812
-40.6533264,-4.4736137
-40.6518054,-4.4778538
-40.6518593,-4.4806453
-40.6518593,-4.4806453
-40.6518593,-4.4806453
-40.6518593,-4.4806453
-40.6518593,-4.4806453
-40.6515025,-4.4817150
-40.6515025,-4.4817150
-40.6515025,-4.4817150
-40.6515025,-4.4817150
-40.6515025,-4.4817150
-40.6515025,-4.4817150
-40.6515025,-4.4817150
-40.6515025,-4.4817150
-40.6486412,-4.4840037
-40.6468555,-4.4877793
-40.6465263,-4.4895477
-40.6470151,-4.4942471
-40.6470151,-4.4942471
-40.6470151,-4.4942471
-40.6470151,-4.4942471
-40.6470151,-4.4942471
-40.6470151,-4.4942471
-40.6447597,-4.5012793
-40.6445057,-4.5050064
-40.6445057,-4.5050064
-40.6445057,-4.5050065
-40.6445057,-4.5050065
-40.6445057,-4.5050065
-40.6425350,-4.5097886
-40.6425350,-4.5097886
-40.6425350,-4.5097886
-40.6425350,-4.5097886
-40.6425350,-4.5097886
-40.6425350,-4.5097886
-40.6391249,-4.5132187
-40.6380035,-4.5151216
-40.6372671,-4.5202990
-40.6372671,-4.5202990
-40.6372671,-4.5202990
-40.6372671,-4.5202990
-40.6363858,-4.5224193
-40.6363858,-4.5224193
-40.6363857,-4.5224193
-40.6363857,-4.5224193
-40.6354143,-4.5239093
-40.6354143,-4.5239093
-40.6354143,-4.5239093
-40.6354143,-4.5239093
-40.6354143,-4.5239093
-40.6354143,-4.5239093
-40.6262293,-4.5303829
-40.6251820,-4.5314919
-40.6244916,-4.5329401
-40.6244916,-4.5329401
-40.6233606,-4.5381788
-40.6233606,-4.5381788
-40.6233606,-4.5381788
-40.6233606,-4.5381788
-40.6233606,-4.5381788
-40.6233606,-4.5381788
-40.6233606,-4.5381788
-40.6233606,-4.5381788
-40.6233606,-4.5381788
-40.6233606,-4.5381788
-40.6233606,-4.5381788
-40.6233606,-4.5381788
-40.6233606,-4.5381788
-40.6213803,-4.5387638
-40.6204788,-4.5401738
-40.6204559,-4.5432162
-40.6204559,-4.5432162
-40.6204559,-4.5432162
-40.6204559,-4.5432162
-40.6204559,-4.5432162
-40.6200508,-4.5445366
-40.6200508,-4.5445366
-40.6200508,-4.5445366
-40.6200508,-4.5445366
-40.6200508,-4.5445366
-40.6200508,-4.5445366
-40.6154891,-4.5502589
-40.6154891,-4.5502589
-40.6154891,-4.5502589
-40.6143878,-4.5513096
-40.6143878,-4.5513096
-40.6143878,-4.5513096
-40.6143878,-4.5513096
-40.6143878,-4.5513096
-40.6116158,-4.5527244
-40.6090356,-4.5549658
-40.6090356,-4.5549658
-40.6090356,-4.5549658
-40.6090355,-4.5549658
-40.6090355,-4.5549658
-40.6090355,-4.5549658
-40.6029154,-4.5567979
-40.6029154,-4.5567979
-40.6029154,-4.5567979
-40.5974653,-4.5578478
-40.5950341,-4.5620198
-40.5950341,-4.5620198
-40.5950341,-4.5620198
-40.5950341,-4.5620198
-40.5950341,-4.5620198
-40.5950341,-4.5620198
-40.5950341,-4.5620198
-40.5950341,-4.5620198
-40.5941102,-4.5624520
-40.5941102,-4.5624520
-40.5941102,-4.5624520
-40.5941102,-4.5624520
-40.5941102,-4.5624520
-40.5941102,-4.5624520
-40.5938216,-4.5624599
-40.5938216,-4.5624599
-40.5938216,-4.5624599
-40.5938216,-4.5624599
-40.5938216,-4.5624599
-40.5938216,-4.5624599
-40.5918924,-4.5616255
-40.5918923,-4.5616255
-40.5918923,-4.5616255
-40.5918923,-4.5616255
-40.5918923,-4.5616255
-40.5918923,-4.5616255
-40.5886501,-4.5583453
-40.5886501,-4.5583453
-40.5886501,-4.5583453
-40.5886501,-4.5583453
-40.5886501,-4.5583453
-40.5886501,-4.5583453
-40.5886501,-4.5583453
-40.5886501,-4.5583453
-40.5886501,-4.5583453
-40.5886501,-4.5583453
-40.5886501,-4.5583453
-40.5886501,-4.5583453
-40.5886702,-4.5581837
-40.5882176,-4.5579079
-40.5865966,-4.5605150
-40.5874533,-4.5623493
-40.5874533,-4.5623493
-40.5874533,-4.5623494
-40.5874533,-4.5623494
-40.5874533,-4.5623494
-40.5874533,-4.5623494
-40.5874533,-4.5623494
-40.5874533,-4.5623494
-40.5874533,-4.5623494
-40.5870523,-4.5643466
-40.5877502,-4.5678622
-40.5877502,-4.5678622
-40.5877502,-4.5678622
-40.5877502,-4.5678622
-40.5877502,-4.5678622
-40.5874736,-4.5714252
-40.5879713,-4.5751766
-40.5879713,-4.5751766
-40.5879713,-4.5751766
-40.5879713,-4.5751766
-40.5879713,-4.5751766
-40.5879713,-4.5751766
-40.5879713,-4.5751766
-40.5879713,-4.5751766
-40.5876028,-4.5759798
-40.5876028,-4.5759798
-40.5876028,-4.5759798
-40.5876028,-4.5759798
-40.5876027,-4.5759798
-40.5876027,-4.5759798
-40.5876027,-4.5759798
-40.5876027,-4.5759798
-40.5876027,-4.5759798
-40.5876027,-4.5759798
-40.5845856,-4.5773333
-40.5837607,-4.5783403
-40.5846401,-4.5796847
-40.5846401,-4.5796847
-40.5846401,-4.5796847
-40.5846401,-4.5796847
-40.5846401,-4.5796847
-40.5851884,-4.5818542
-40.5851884,-4.5818542
-40.5851884,-4.5818542
-40.5851884,-4.5818542
-40.5851884,-4.5818542
-40.5851884,-4.5818542
-40.5849369,-4.5839492
-40.5866440,-4.5841828
-40.5866440,-4.5841828
-40.5866440,-4.5841828
-40.5866440,-4.5841828
-40.5866440,-4.5841828
-40.5866440,-4.5841828
-40.5866440,-4.5841829
-40.5866440,-4.5841829
-40.5866441,-4.5841829
-40.5866441,-4.5841829
-40.5866441,-4.5841829
-40.5866441,-4.5841829
-40.5866441,-4.5841829
-40.5866441,-4.5841829
-40.5866441,-4.5841829
-40.5866441,-4.5841829
-40.5866441,-4.5841829
-40.5866441,-4.5841829
-40.5866441,-4.5841829
-40.5866441,-4.5841829
-40.5860599,-4.5865588
-40.5874211,-4.5877369
-40.5874211,-4.5877369
-40.5874211,-4.5877369
-40.5874211,-4.5877369
-40.5874211,-4.5877369
-40.5874211,-4.5877369
-40.5879846,-4.5888679
-40.5879846,-4.5888679
-40.5879846,-4.5888679
-40.5879846,-4.5888679
-40.5879846,-4.5888679
-40.5879846,-4.5888679
-40.5879846,-4.5888679
-40.5879846,-4.5888679
-40.5879846,-4.5888679
-40.5873531,-4.5917395
-40.5873198,-4.5942998
-40.5874446,-4.5949368
-40.5884525,-4.5956842
-40.5884525,-4.5956842
-40.5884525,-4.5956842
-40.5884525,-4.5956842
-40.5884525,-4.5956842
-40.5884525,-4.5956842
-40.5884526,-4.5956842
-40.5884526,-4.5956842
-40.5884526,-4.5956842
-40.5884526,-4.5956842
-40.5884526,-4.5956842
-40.5884526,-4.5956842
-40.5884526,-4.5956842
-40.5884526,-4.5956842
-40.5884526,-4.5956842
-40.5881747,-4.5966924
-40.5882903,-4.5980520
-40.5898399,-4.5996034
-40.5898399,-4.5996034
-40.5898399,-4.5996034
-40.5898399,-4.5996034
-40.5898399,-4.5996034
-40.5898399,-4.5996034
-40.5898399,-4.5996034
-40.5898399,-4.5996034
-40.5898399,-4.5996034
-40.5900520,-4.6011039
-40.5914727,-4.6019020
-40.5914727,-4.6019020
-40.5914727,-4.6019020
-40.5914727,-4.6019020
-40.5914727,-4.6019020
-40.5914727,-4.6019020
-40.5914727,-4.6019020
-40.5923536,-4.6031630
-40.5923536,-4.6031630
-40.5923536,-4.6031630
-40.5923536,-4.6031630
-40.5936029,-4.6063790
-40.5967961,-4.6085232
-40.5967961,-4.6085232
-40.5967961,-4.6085232
-40.5967961,-4.6085232
-40.5967961,-4.6085232
-40.5967961,-4.6085232
-40.5967961,-4.6085232
-40.5967961,-4.6085232
-40.5967961,-4.6085232
-40.5967961,-4.6085232
-40.5967961,-4.6085232
-40.5967961,-4.6085232
-40.5967961,-4.6085232
-40.5967199,-4.6117141
-40.6012415,-4.6159482
-40.6012415,-4.6159482
-40.6012415,-4.6159482
-40.6012415,-4.6159482
-40.6012415,-4.6159482
-40.6012415,-4.6159482
-40.6012415,-4.6159482
-40.6024253,-4.6191420
-40.6055132,-4.6200026
-40.6055132,-4.6200026
-40.6055132,-4.6200026
-40.6055132,-4.6200026
-40.6055132,-4.6200026
-40.6055132,-4.6200026
-40.6055132,-4.6200026
-40.6055132,-4.6200026
-40.6071975,-4.6218631
-40.6120584,-4.6219243
-40.6120584,-4.6219243
-40.6120584,-4.6219243
-40.6120584,-4.6219243
-40.6120585,-4.6219243
-40.6120585,-4.6219243
-40.6120585,-4.6219243
-40.6154951,-4.6237361
-40.6189286,-4.6239639
-40.6189286,-4.6239639
-40.6189286,-4.6239639
-40.6189286,-4.6239639
-40.6189286,-4.6239639
-40.6189287,-4.6239639
-40.6189287,-4.6239639
-40.6189287,-4.6239639
-40.6210836,-4.6254880
-40.6227067,-4.6258357
-40.6240168,-4.6254803
-40.6264411,-4.6220118
-40.6264411,-4.6220118
-40.6264411,-4.6220118
-40.6264411,-4.6220117
-40.6264411,-4.6220117
-40.6264411,-4.6220117
-40.6264411,-4.6220117
-40.6264411,-4.6220117
-40.6264411,-4.6220117
-40.6264411,-4.6220117
-40.6264411,-4.6220117
-40.6264411,-4.6220117
-40.6264412,-4.6220117
-40.6264412,-4.6220117
-40.6264412,-4.6220117
-40.6264412,-4.6220117
-40.6264412,-4.6220117
-40.6264412,-4.6220117
-40.6264412,-4.6220117
-40.6264412,-4.6220117
-40.6264412,-4.6220118
-40.6264412,-4.6220118
-40.6264412,-4.6220118
-40.6264412,-4.6220118
-40.6266466,-4.6223932
-40.6266466,-4.6223933
-40.6615106,-4.6870533
-40.6708917,-4.7033178
-40.6708917,-4.7033178
-40.6709300,-4.7033845
-40.7322245,-4.7145142
-40.7325146,-4.7136361
-40.7325146,-4.7136361
-40.7325146,-4.7136361
-40.7325146,-4.7136361
-40.7325146,-4.7136361
-40.7348810,-4.7104641
-40.7348810,-4.7104641
-40.7348810,-4.7104641
-40.7348810,-4.7104641
-40.7348810,-4.7104641
-40.7372743,-4.7088384
-40.7372743,-4.7088384
-40.7372743,-4.7088384
-40.7372743,-4.7088384
-40.7372743,-4.7088384
-40.7372743,-4.7088384
-40.7372743,-4.7088384
-40.7372743,-4.7088384
-40.7395759,-4.7088811
-40.7395759,-4.7088811
-40.7395759,-4.7088811
-40.7395759,-4.7088811
-40.7395759,-4.7088811
-40.7395759,-4.7088811
-40.7395759,-4.7088811
-40.7395759,-4.7088811
-40.7395759,-4.7088811
-40.7395759,-4.7088811
-40.7395759,-4.7088811
-40.7395759,-4.7088811
-40.7395759,-4.7088811
-40.7395760,-4.7088811
-40.7395760,-4.7088811
-40.7401885,-4.7104032
-40.7413688,-4.7106198
-40.7456434,-4.7093276
-40.7456434,-4.7093276
-40.7469584,-4.7090172
-40.7469584,-4.7090172
-40.7469584,-4.7090172
-40.7469584,-4.7090172
-40.7480424,-4.7089986
-40.7480424,-4.7089986
-40.7480424,-4.7089986
-40.7480424,-4.7089986
-40.7480424,-4.7089986
-40.7480424,-4.7089986
-40.7480424,-4.7089986
-40.7527468,-4.7115075
-40.7547546,-4.7106066
-40.7547546,-4.7106066
-40.7547546,-4.7106066
-40.7547546,-4.7106066
-40.7547547,-4.7106066
-40.7547547,-4.7106066
-40.7577822,-4.7106399
-40.7588322,-4.7099942
-40.7595274,-4.7080215
-40.7595274,-4.7080215
-40.7595274,-4.7080215
-40.7595274,-4.7080215
-40.7595274,-4.7080215
-40.7595274,-4.7080215
-40.7595274,-4.7080215
-40.7595274,-4.7080215
-40.7595274,-4.7080215
-40.7595274,-4.7080215
-40.7624792,-4.7066006
-40.7624792,-4.7066006
-40.7624792,-4.7066006
-40.7624792,-4.7066006
-40.7624792,-4.7066006
-40.7624792,-4.7066006
-40.7624792,-4.7066006
-40.7624792,-4.7066006
-40.7624792,-4.7066006
-40.7648638,-4.7068738
-40.7648638,-4.7068738
-40.7648638,-4.7068738
-40.7648638,-4.7068738
-40.7648639,-4.7068738
-40.7676860,-4.7083030
-40.7689218,-4.7081682
-40.7702712,-4.7073818
-40.7702712,-4.7073818
-40.7702712,-4.7073818
-40.7702712,-4.7073818
-40.7702712,-4.7073818
-40.7702712,-4.7073818
-40.7702712,-4.7073818
-40.7702712,-4.7073818
-40.7702712,-4.7073818
-40.7714539,-4.7075235
-40.7714539,-4.7075235
-40.7714539,-4.7075235
-40.7714539,-4.7075235
-40.7714539,-4.7075235
-40.7714540,-4.7075235
-40.7726591,-4.7081881
-40.7726591,-4.7081881
-40.7726591,-4.7081881
-40.7726591,-4.7081881
-40.7726591,-4.7081881
-40.7726591,-4.7081881
-40.7740357,-4.7099219
-40.7769074,-4.7093390
-40.7769074,-4.7093390
-40.7769074,-4.7093390
-40.7769074,-4.7093390
-40.7769074,-4.7093390
-40.7769074,-4.7093390
-40.7769074,-4.7093390
-40.7769074,-4.7093390
-40.7769074,-4.7093390
-40.7769074,-4.7093390
-40.7769074,-4.7093390
-40.7779283,-4.7101614
-40.7779283,-4.7101614
-40.7779283,-4.7101614
-40.7779283,-4.7101614
-40.7779283,-4.7101614
-40.7779283,-4.7101614
-40.7779283,-4.7101614
-40.7783871,-4.7113874
-40.7803455,-4.7109902
-40.7798921,-4.7101449
-40.7798921,-4.7101449
-40.7798921,-4.7101449
-40.7798921,-4.7101449
-40.7798921,-4.7101449
-40.7798921,-4.7101449
-40.7797771,-4.7089005
-40.7797771,-4.7089005
-40.7797771,-4.7089005
-40.7797771,-4.7089005
-40.7797771,-4.7089005
-40.7797771,-4.7089005
-40.7797771,-4.7089005
-40.7797771,-4.7089005
-40.7797771,-4.7089005
-40.7797771,-4.7089005
-40.7797771,-4.7089005
-40.7797771,-4.7089005
-40.7797772,-4.7089005
-40.7797772,-4.7089005
-40.7797772,-4.7089005
-40.7797772,-4.7089005
-40.7797772,-4.7089005
-40.7815201,-4.7083196
-40.7815201,-4.7083196
-40.7815201,-4.7083196
-40.7815201,-4.7083196
-40.7815201,-4.7083196
-40.7815201,-4.7083196
-40.7815201,-4.7083196
-40.7815201,-4.7083196
-40.7815201,-4.7083196
-40.7815201,-4.7083196
-40.7815202,-4.7083196
-40.7815202,-4.7083196
-40.7815202,-4.7083196
-40.7832671,-4.7098761
-40.7832671,-4.7098761
-40.7832671,-4.7098761
-40.7832671,-4.7098761
-40.7832671,-4.7098761
-40.7845930,-4.7121411
-40.7855921,-4.7117984
-40.7866565,-4.7114339
-40.7866565,-4.7114339
-40.7866566,-4.7114339
-40.7866566,-4.7114339
-40.7866566,-4.7114339
-40.7866566,-4.7114339
-40.7866566,-4.7114339
-40.7866566,-4.7114339
-40.7866566,-4.7114339
-40.7866566,-4.7114339
-40.7887389,-4.7123809
-40.7894415,-4.7124582
-40.7923901,-4.7112467
-40.7947918,-4.7084735
-40.7947918,-4.7084735
-40.7947918,-4.7084735
-40.7947918,-4.7084734
-40.7947918,-4.7084734
-40.7947918,-4.7084734
-40.7947918,-4.7084734
-40.7947918,-4.7084734
-40.7947918,-4.7084734
-40.7947918,-4.7084734
-40.7947918,-4.7084734
-40.7947918,-4.7084734
-40.7947918,-4.7084734
-40.7967511,-4.7087387
-40.7999715,-4.7082062
-40.7999715,-4.7082062
-40.7999715,-4.7082062
-40.7999715,-4.7082062
-40.7999715,-4.7082062
-40.7999715,-4.7082062
-40.8025754,-4.7088015
-40.8050515,-4.7072163
-40.8060400,-4.7054072
-40.8060400,-4.7054072
-40.8060400,-4.7054072
-40.8060400,-4.7054072
-40.8060400,-4.7054072
-40.8060400,-4.7054072
-40.8060400,-4.7054071
-40.8060400,-4.7054071
-40.8060400,-4.7054071
-40.8060400,-4.7054071
-40.8060400,-4.7054071
-40.8060400,-4.7054071
-40.8082539,-4.7050868
-40.8082539,-4.7050868
-40.8082539,-4.7050868
-40.8082539,-4.7050868
-40.8082539,-4.7050868
-40.8086985,-4.7051725
-40.8086985,-4.7051725
-40.8086985,-4.7051725
-40.8086985,-4.7051725
-40.8086985,-4.7051725
-40.8086985,-4.7051725
-40.8086985,-4.7051725
-40.8086985,-4.7051725
-40.8086985,-4.7051725
-40.8086985,-4.7051725
-40.8086985,-4.7051725
-40.8095225,-4.7065861
-40.8125479,-4.7089831
-40.8142089,-4.7094772
-40.8142089,-4.7094772
-40.8185529,-4.7107682
-40.8185529,-4.7107682
-40.8185529,-4.7107682
-40.8185529,-4.7107682
-40.8185529,-4.7107682
-40.8185529,-4.7107682
-40.8185529,-4.7107682
-40.8218773,-4.7140810
-40.8245356,-4.7144659
-40.8245356,-4.7144659
-40.8245356,-4.7144659
-40.8245356,-4.7144659
-40.8245356,-4.7144659
-40.8245356,-4.7144659
-40.8245356,-4.7144659
-40.8245356,-4.7144659
-40.8245356,-4.7144659
-40.8245357,-4.7144659
-40.8263664,-4.7168269
-40.8280570,-4.7167189
-40.8280570,-4.7167189
-40.8280570,-4.7167189
-40.8280570,-4.7167189
-40.8280570,-4.7167189
-40.8280570,-4.7167189
-40.8280570,-4.7167189
-40.8292934,-4.7172634
-40.8307953,-4.7170251
-40.8307953,-4.7170251
-40.8307953,-4.7170251
-40.8307953,-4.7170251
-40.8307953,-4.7170251
-40.8307953,-4.7170251
-40.8307953,-4.7170251
-40.8307953,-4.7170251
-40.8335109,-4.7181406
-40.8368344,-4.7168899
-40.8368344,-4.7168899
-40.8368344,-4.7168899
-40.8368344,-4.7168899
-40.8368344,-4.7168899
-40.8368344,-4.7168899
-40.8368345,-4.7168899
-40.8368345,-4.7168899
-40.8448362,-4.7184476
-40.8503857,-4.7155361
-40.8503857,-4.7155361
-40.8503857,-4.7155361
-40.8503857,-4.7155361
-40.8503857,-4.7155361
-40.8503857,-4.7155361
-40.8503857,-4.7155361
-40.8551652,-4.7157441
-40.8574929,-4.7130066
-40.8574929,-4.7130066
-40.8574929,-4.7130066
-40.8574929,-4.7130066
-40.8574929,-4.7130066
-40.8574929,-4.7130066
-40.8574929,-4.7130066
-40.8590958,-4.7123478
-40.8590958,-4.7123478
-40.8590958,-4.7123478
-40.8590958,-4.7123478
-40.8590958,-4.7123478
-40.8590958,-4.7123478
-40.8590958,-4.7123478
-40.8590958,-4.7123478
-40.8590958,-4.7123478
-40.8590958,-4.7123478
-40.8590958,-4.7123478
-40.8590958,-4.7123478
-40.8638468,-4.7155507
-40.8666933,-4.7154313
-40.8695359,-4.7141494
-40.8695360,-4.7141494
-40.8695360,-4.7141494
-40.8695360,-4.7141494
-40.8695360,-4.7141494
-40.8726759,-4.7137224
-40.8724869,-4.7108247
-40.8720169,-4.7100414
-40.8694620,-4.7086715
-40.8694620,-4.7086715
-40.8694620,-4.7086715
-40.8694620,-4.7086715
-40.8672027,-4.7066479
-40.8672027,-4.7066479
-40.8672027,-4.7066479
-40.8672027,-4.7066478
-40.8672027,-4.7066478
-40.8672027,-4.7066478
-40.8672027,-4.7066478
-40.8667430,-4.7052733
-40.8667430,-4.7052733
-40.8667430,-4.7052733
-40.8667430,-4.7052733
-40.8667430,-4.7052733
-40.8667430,-4.7052733
-40.8667430,-4.7052733
-40.8667430,-4.7052733
-40.8679016,-4.7011947
-40.8677374,-4.6993101
-40.8660168,-4.6961675
-40.8640402,-4.6938257
-40.8640402,-4.6938257
-40.8640402,-4.6938257
-40.8640402,-4.6938257
-40.8640402,-4.6938257
-40.8640402,-4.6938257
-40.8631827,-4.6910436
-40.8621516,-4.6897547
-40.8611273,-4.6891975
-40.8549296,-4.6874447
-40.8549296,-4.6874447
-40.8549296,-4.6874447
-40.8549296,-4.6874447
-40.8549296,-4.6874447
-40.8549296,-4.6874447
-40.8531002,-4.6859941
-40.8531002,-4.6859941
-40.8531002,-4.6859941
-40.8531002,-4.6859941
-40.8531001,-4.6859941
-40.8531001,-4.6859941
-40.8531001,-4.6859941
-40.8531001,-4.6859940
-40.8531001,-4.6859940
-40.8527879,-4.6848250
-40.8527879,-4.6848250
-40.8527879,-4.6848250
-40.8527879,-4.6848250
-40.8527879,-4.6848250
-40.8527879,-4.6848250
-40.8527879,-4.6848250
-40.8527879,-4.6848250
-40.8527879,-4.6848250
-40.8544673,-4.6806521
-40.8550684,-4.6777646
-40.8535930,-4.6766096
-40.8475691,-4.6753961
-40.8475691,-4.6753961
-40.8475691,-4.6753961
-40.8475691,-4.6753961
-40.8444612,-4.6738588
-40.8444612,-4.6738588
-40.8444612,-4.6738588
-40.8444612,-4.6738588
-40.8444612,-4.6738588
-40.8444612,-4.6738588
-40.8444612,-4.6738588
-40.8444612,-4.6738588
-40.8444612,-4.6738588
-40.8444612,-4.6738588
-40.8444612,-4.6738588
-40.8444611,-4.6738588
-40.8444611,-4.6738587
-40.8444611,-4.6738587
-40.8444611,-4.6738587
-40.8444611,-4.6738587
-40.8444612,-4.6738587
-40.8446072,-4.6733353
-40.8446072,-4.6733353
-40.8446072,-4.6733353
-40.8446072,-4.6733353
-40.8446072,-4.6733353
-40.8446072,-4.6733353
-40.8446072,-4.6733353
-40.8446072,-4.6733353
-40.8446072,-4.6733353
-40.8446072,-4.6733353
-40.8446072,-4.6733353
-40.8446072,-4.6733353
-40.8446072,-4.6733353
-40.8476238,-4.6724184
-40.8476238,-4.6724184
-40.8476238,-4.6724184
-40.8476238,-4.6724184
-40.8498457,-4.6722819
-40.8498457,-4.6722819
-40.8498457,-4.6722819
-40.8542412,-4.6725667
-40.8542412,-4.6725667
-40.8542412,-4.6725667
-40.8574404,-4.6733346
-40.8574404,-4.6733346
-40.8574404,-4.6733346
-40.8574404,-4.6733346
-40.8574404,-4.6733346
-40.8574404,-4.6733346
-40.8574404,-4.6733346
-40.8574404,-4.6733346
-40.8574404,-4.6733346
-40.8574404,-4.6733346
-40.8574404,-4.6733346
-40.8612411,-4.6798357
-40.8630546,-4.6812772
-40.8692369,-4.6842193
-40.8692369,-4.6842193
-40.8692369,-4.6842193
-40.8692369,-4.6842193
-40.8692369,-4.6842193
-40.8713769,-4.6862653
-40.8713769,-4.6862653
-40.8716319,-4.6865088
-40.8716319,-4.6865088
-40.8716319,-4.6865088
-40.8737396,-4.6893553
-40.8737396,-4.6893553
-40.8737396,-4.6893553
-40.8737396,-4.6893553
-40.8749068,-4.6919264
-40.8749068,-4.6919264
-40.8749068,-4.6919264
-40.8749068,-4.6919264
-40.8753654,-4.6943568
-40.8753654,-4.6943568
-40.8753654,-4.6943568
-40.8753654,-4.6943568
-40.8753654,-4.6943568
-40.8751527,-4.6961561
-40.8751527,-4.6961561
-40.8751527,-4.6961561
-40.8751527,-4.6961561
-40.8751527,-4.6961561
-40.8751527,-4.6961561
-40.8751527,-4.6961561
-40.8733841,-4.6986637
-40.8735508,-4.6998971
-40.8746785,-4.7019396
-40.8760615,-4.7042979
-40.8772583,-4.7050717
-40.8772583,-4.7050717
-40.8772584,-4.7050717
-40.8772584,-4.7050717
-40.8772584,-4.7050717
-40.8802542,-4.7085173
-40.8802542,-4.7085173
-40.8802542,-4.7085173
-40.8802542,-4.7085173
-40.8819652,-4.7114035
-40.8871679,-4.7142808
-40.8871679,-4.7142808
-40.8871679,-4.7142808
-40.8871679,-4.7142808
-40.8871679,-4.7142808
-40.8871679,-4.7142808
-40.8871679,-4.7142808
-40.8871679,-4.7142808
-40.8885146,-4.7170255
-40.9549124,-4.7162784
-40.9564557,-4.7111959
-40.9564557,-4.7111959
-40.9564557,-4.7111959
-40.9578253,-4.7082349
-40.9590265,-4.7037039
-40.9632689,-4.6877003
-40.9632689,-4.6877003
-40.9632689,-4.6877003
-40.9632689,-4.6877003
-40.9632689,-4.6877003
-40.9632689,-4.6877003
-40.9632689,-4.6877003
-40.9632689,-4.6877003
-40.9632690,-4.6877003
-40.9632690,-4.6877003
-40.9632690,-4.6877003
-40.9632690,-4.6877003
-40.9632690,-4.6877003
-40.9632690,-4.6877003
-40.9632690,-4.6877003
-40.9632690,-4.6877003
-40.9632690,-4.6877003
-40.9632690,-4.6877003
-40.9632690,-4.6877003
-40.9632690,-4.6877003
-40.9632690,-4.6877003
-40.9632690,-4.6877003
-40.9632690,-4.6877003
-40.9632690,-4.6877003
-40.9664885,-4.6906445
-40.9688959,-4.6921977
-40.9713551,-4.6916262
-40.9738110,-4.6895046
-40.9753812,-4.6870337
-40.9803826,-4.6791635
-40.9800585,-4.6782292
-40.9800585,-4.6782292
-40.9800585,-4.6782292
-40.9800585,-4.6782292
-40.9800585,-4.6782292
-40.9800585,-4.6782292
-40.9800585,-4.6782292
-40.9800585,-4.6782292
-40.9800585,-4.6782292
-40.9805223,-4.6769089
-40.9805223,-4.6769089
-40.9870404,-4.6606684
-40.9870404,-4.6606684
-40.9870404,-4.6606684
-40.9870404,-4.6606684
-40.9870404,-4.6606684
-40.9870404,-4.6606684
-40.9870404,-4.6606683
-40.9878627,-4.6600334
-40.9878627,-4.6600334
-40.9878627,-4.6600334
-40.9878627,-4.6600334
-40.9878627,-4.6600334
-40.9878627,-4.6600334
-40.9878627,-4.6600334
-40.9878627,-4.6600334
-40.9878627,-4.6600333
-40.9878627,-4.6600333
-40.9878627,-4.6600334
-40.9878627,-4.6600334
-40.9878627,-4.6600334
-40.9884874,-4.6602236
-40.9887162,-4.6586407
-40.9887162,-4.6586407
-40.9887162,-4.6586407
-40.9887162,-4.6586407
-40.9887162,-4.6586407
-40.9887162,-4.6586407
-40.9887162,-4.6586407
-40.9887162,-4.6586407
-40.9887162,-4.6586406
-40.9894163,-4.6579356
-40.9894163,-4.6579355
-40.9894163,-4.6579355
-40.9894163,-4.6579355
-40.9894163,-4.6579355
-40.9894163,-4.6579355
-40.9894163,-4.6579355
-40.9894163,-4.6579355
-40.9979520,-4.6562431
-41.0004591,-4.6542029
-41.0004591,-4.6542029
-41.0004591,-4.6542029
-41.0004591,-4.6542029
-41.0004591,-4.6542029
-41.0004591,-4.6542029
-41.0051385,-4.6528939
-41.0082277,-4.6513914
-41.0108449,-4.6467252
-41.0108449,-4.6467252
-41.0108449,-4.6467252
-41.0108449,-4.6467252
-41.0108449,-4.6467252
-41.0108449,-4.6467252
-41.0108449,-4.6467252
-41.0108449,-4.6467252
-41.0108449,-4.6467252
-41.0108449,-4.6467252
-41.0172386,-4.6444997
-41.0193690,-4.6417602
-41.0193677,-4.6409119
-41.0193677,-4.6409119
-41.0193677,-4.6409119
-41.0193677,-4.6409119
-41.0193677,-4.6409119
-41.0193677,-4.6409118
-41.0193677,-4.6409118
-41.0193677,-4.6409118
-41.0193677,-4.6409118
-41.0193677,-4.6409118
-41.0193677,-4.6409118
-41.0193677,-4.6409118
-41.0215472,-4.6393645
-41.0215472,-4.6393645
-41.0215472,-4.6393645
-41.0215472,-4.6393645
-41.0232111,-4.6386403
-41.0232111,-4.6386403
-41.0232111,-4.6386403
-41.0232111,-4.6386403
-41.0232111,-4.6386403
-41.0232111,-4.6386403
-41.0232111,-4.6386403
-41.0232112,-4.6386403
-41.0304199,-4.6402272
-41.0320249,-4.6393274
-41.0335765,-4.6364943
-41.0335765,-4.6364943
-41.0335765,-4.6364943
-41.0335765,-4.6364943
-41.0335765,-4.6364943
-41.0335765,-4.6364943
-41.0352212,-4.6352944
-41.0352212,-4.6352944
-41.0352213,-4.6352944
-41.0352213,-4.6352944
-41.0352213,-4.6352944
-41.0352213,-4.6352944
-41.0352213,-4.6352944
-41.0390338,-4.6346350
-41.0459604,-4.6324289
-41.0484534,-4.6303956
-41.0484534,-4.6303956
-41.0484534,-4.6303956
-41.0484534,-4.6303956
-41.0500642,-4.6296615
-41.0500642,-4.6296615
-41.0500642,-4.6296615
-41.0500642,-4.6296615
-41.0500642,-4.6296615
-41.0519188,-4.6294467
-41.0546512,-4.6278674
-41.0556938,-4.6256362
-41.0556938,-4.6256362
-41.0556938,-4.6256362
-41.0556938,-4.6256362
-41.0556939,-4.6256362
-41.0556939,-4.6256362
-41.0556939,-4.6256362
-41.0586690,-4.6233591
-41.0597078,-4.6206012
-41.0597078,-4.6206012
-41.0597078,-4.6206012
-41.0597078,-4.6206012
-41.0597078,-4.6206012
-41.0597078,-4.6206012
-41.0597078,-4.6206012
-41.0597078,-4.6206012
-41.0597078,-4.6206012
-41.0695275,-4.6151135
-41.0695275,-4.6151135
-41.0695275,-4.6151135
-41.0695275,-4.6151135
-41.0695275,-4.6151135
-41.0695275,-4.6151135
-41.0695275,-4.6151135
-41.0695275,-4.6151135
-41.0695275,-4.6151135
-41.0695275,-4.6151135
-41.0695275,-4.6151135
-41.0695275,-4.6151135
-41.0721894,-4.6162809
-41.0745274,-4.6161928
-41.0786369,-4.6156934
-41.0816945,-4.6143100
-41.0816945,-4.6143100
-41.0816945,-4.6143100
-41.0816946,-4.6143100
-41.0816946,-4.6143100
-41.0873988,-4.6134550
-41.0873988,-4.6134550
-41.0873988,-4.6134550
-41.0911981,-4.6112441
-41.0944089,-4.6066154
-41.0944089,-4.6066154
-41.0969834,-4.6050282
-41.0994750,-4.6027550
-41.0994750,-4.6027550
-41.1015698,-4.6022592
-41.1035064,-4.6030671
-41.1063267,-4.6027738
-41.1094663,-4.6016305
-41.1146025,-4.6017626
-41.1178522,-4.6025354
-41.1197033,-4.6022064
-41.1216365,-4.6012305
-41.1216365,-4.6012305
-41.1271975,-4.6012942
-41.1289671,-4.5997507
-41.1289671,-4.5997507
-41.1319441,-4.5989713
-41.1399281,-4.5999183
-41.1467777,-4.5996543
-41.1520062,-4.5959535
-41.1582272,-4.5941774
-41.1591737,-4.5940696
-41.1614245,-4.5920790
-41.1640642,-4.5853466
-41.1654323,-4.5848562
-41.1654323,-4.5848562
-41.1674472,-4.5851341
-41.1674472,-4.5851341
-41.1676290,-4.5852656
-41.1676479,-4.5852793
-41.1676798,-4.5853024
-41.1683894,-4.5858157
-41.1684106,-4.5858311
-41.1684355,-4.5858491
-41.1697897,-4.5868287
-41.1759219,-4.5888349
-41.1794320,-4.5910602
-41.1797982,-4.5912923
-41.1821354,-4.5912865
-41.1840720,-4.5922505
-41.1847164,-4.5920068
-41.1851135,-4.5903849
-41.1878475,-4.5884333
-41.1873623,-4.5879775
-41.1868771,-4.5875216
-41.1868771,-4.5875216
-41.1866355,-4.5867762
-41.1871135,-4.5853171
-41.1871135,-4.5853171
-41.1862228,-4.5835377
-41.1874270,-4.5822378
-41.1874269,-4.5822375
-41.1868591,-4.5813490
-41.1868547,-4.5796495
-41.1834637,-4.5774725
-41.1834636,-4.5774725
-41.1853149,-4.5769798
-41.1879401,-4.5781445
-41.1891327,-4.5777868
-41.1891327,-4.5777868
-41.1891335,-4.5777869
-41.1912779,-4.5780802
-41.1912780,-4.5780802
-41.1957113,-4.5816793
-41.1982354,-4.5812081
-41.1982355,-4.5812081
-41.1992405,-4.5814516
-41.1992406,-4.5814516
-41.2003054,-4.5838210
-41.2019306,-4.5848121
-41.2080459,-4.5857194
-41.2080459,-4.5857194
-41.2147931,-4.5846738
-41.2172173,-4.5837532
-41.2182685,-4.5817088
-41.2176911,-4.5779815
-41.2181061,-4.5762531
-41.2201358,-4.5744612
-41.2218654,-4.5741046
-41.2218654,-4.5741046
-41.2226403,-4.5744039
-41.2226483,-4.5744070
-41.2226622,-4.5744124
-41.2226845,-4.5744210
-41.2240057,-4.5749315
-41.2240058,-4.5749315
-41.2256081,-4.5750657
-41.2273872,-4.5737380
-41.2273965,-4.5737359
-41.2283275,-4.5735216
-41.2291300,-4.5733368
-41.2316204,-4.5735597
-41.2316205,-4.5735597
-41.2340793,-4.5729976
-41.2340793,-4.5729976
-41.2340794,-4.5729976
-41.2340912,-4.5729987
-41.2362151,-4.5732052
-41.2398150,-4.5735551
-41.2413141,-4.5725462
-41.2425396,-4.5715137
-41.2422604,-4.5699467
-41.2419086,-4.5693590
-41.2407397,-4.5684535
-41.2406983,-4.5684721
-41.2378865,-4.5697357
-41.2378838,-4.5697362
-41.2354200,-4.5702162
-41.2316898,-4.5690949
-41.2264129,-4.5689811
-41.2220798,-4.5676588
-41.2215303,-4.5674913
-41.2156310,-4.5586901
-41.2147685,-4.5552758
-41.2146029,-4.5536536
-41.2141121,-4.5526770
-41.2120250,-4.5500975
-41.2084437,-4.5488211
-41.2079314,-4.5477383
-41.2076008,-4.5466728
-41.2074549,-4.5436496
-41.2067039,-4.5420526
-41.2062315,-4.5370762
-41.2037906,-4.5284214
-41.2022308,-4.5267955
-41.1984523,-4.5247996
-41.1960308,-4.5216614
-41.1937051,-4.5203753
-41.1907760,-4.5155290
-41.1890655,-4.5076869
-41.1883365,-4.5001811
-41.1882996,-4.4991649
-41.1894209,-4.4908791
-41.1893473,-4.4886807
-41.1879189,-4.4861379
-41.1840704,-4.4814775
-41.1810274,-4.4765689
-41.1781115,-4.4697735
-41.1775767,-4.4676967
-41.1670309,-4.4673578
-41.1621998,-4.4666903
-41.1580760,-4.4673036
-41.1544455,-4.4691128
-41.1520051,-4.4698298
-41.1461978,-4.4701459
-41.1423509,-4.4719592
-41.1337421,-4.4791577
-41.1294066,-4.4810788
-41.1260469,-4.4834082
-41.1228977,-4.4829263
-41.1228976,-4.4829263
-41.1214532,-4.4802293
-41.1174591,-4.4787696
-41.1078020,-4.4797768
-41.1049790,-4.4797035
-41.1006305,-4.4776439
-41.0960715,-4.4773856
-41.0948238,-4.4777152
-41.0948238,-4.4777152
-41.0932457,-4.4766560
-41.0907498,-4.4769359
-41.0820073,-4.4746702
-41.0776099,-4.4745442
-41.0743557,-4.4751541
-41.0630947,-4.4741778
-41.0630943,-4.4741776
-41.0484851,-4.4668352
-41.0436502,-4.4653779
-41.0390849,-4.4631518
-41.0333471,-4.4610856
-41.0311730,-4.4599458
-41.0277994,-4.4569000
-41.0277993,-4.4569000
-41.0057532,-4.4595319
-41.0057520,-4.4595320
-41.0057452,-4.4595328
-41.0056924,-4.4595391
-41.0056489,-4.4595443
-41.0054794,-4.4595645
-41.0052226,-4.4595952
-41.0046603,-4.4596622
-41.0031178,-4.4598462
-41.0029241,-4.4598693
-41.0003930,-4.4601713
-40.9827679,-4.4622737
-40.9196667,-4.4689683
-40.9189276,-4.4689221
-40.9189271,-4.4689220
-40.9189419,-4.4699645
-40.9189419,-4.4699645
-40.9189271,-4.4689220
-40.9189271,-4.4689220
-40.9188853,-4.4689194
-40.9164406,-4.4693192
-40.9164405,-4.4693192
-40.9164250,-4.4693217
-40.9150606,-4.4701448
-40.9150606,-4.4701448
-40.9150274,-4.4701648
-40.9150274,-4.4701648
-40.9150274,-4.4701648
-40.9150274,-4.4701648
-40.9150274,-4.4701648
-40.9150274,-4.4701648
-40.9150274,-4.4701648
-40.9150274,-4.4701648
-40.9150274,-4.4701648
-40.9150274,-4.4701648
-40.9131152,-4.4697630
-40.9096886,-4.4698276
-40.9069143,-4.4709023
-40.9069143,-4.4709023
-40.9069143,-4.4709023
-40.9069142,-4.4709023
-40.9069142,-4.4709023
-40.9069142,-4.4709023
-40.9069142,-4.4709023
-40.9069142,-4.4709023
-40.9069142,-4.4709023
-40.9043188,-4.4701598
-40.9008450,-4.4708388
-40.9008450,-4.4708388
-40.9008450,-4.4708388
-40.9008450,-4.4708388
-40.9008450,-4.4708388
-40.9008450,-4.4708388
-40.8961919,-4.4699228
-40.8961782,-4.4699201
-40.8939924,-4.4715049
-40.8939924,-4.4715050
-40.8939620,-4.4715270
-40.8939620,-4.4715270
-40.8939620,-4.4715270
-40.8939620,-4.4715270
-40.8939620,-4.4715270
-40.8939620,-4.4715270
-40.8939620,-4.4715270
-40.8939619,-4.4715270
-40.8939619,-4.4715270
-40.8939619,-4.4715270
-40.8939619,-4.4715270
-40.8939619,-4.4715270
-40.8916317,-4.4707175
-40.8916272,-4.4707160
-40.8904331,-4.4723334
-40.8895464,-4.4727868
-40.8895464,-4.4727868
-40.8894640,-4.4727363
-40.8893532,-4.4726685
-40.8893502,-4.4726666
-40.8893480,-4.4726653
-40.8893430,-4.4726622
-40.8893361,-4.4726580
-40.8893265,-4.4726521
-40.8893109,-4.4726426
-40.8892895,-4.4726295
-40.8892815,-4.4726245
-40.8892687,-4.4726167
-40.8892618,-4.4726124
-40.8892537,-4.4726075
-40.8892383,-4.4725981
-40.8892207,-4.4725873
-40.8892041,-4.4725771
-40.8891848,-4.4725653
-40.8891360,-4.4725354
-40.8891272,-4.4725300
-40.8891207,-4.4725260
-40.8891163,-4.4725233
-40.8891123,-4.4725209
-40.8891109,-4.4725200
-40.8891080,-4.4725183
-40.8890900,-4.4725072
-40.8890504,-4.4724830
-40.8890385,-4.4724757
-40.8890300,-4.4724705
-40.8890288,-4.4724697
-40.8890279,-4.4724692
-40.8890252,-4.4724675
-40.8890235,-4.4724665
-40.8890157,-4.4724617
-40.8890040,-4.4724545
-40.8889965,-4.4724499
-40.8889758,-4.4724373
-40.8889732,-4.4724357
-40.8889696,-4.4724335
-40.8889658,-4.4724311
-40.8888217,-4.4723429
-40.8886577,-4.4722424
-40.8886466,-4.4722356
-40.8886245,-4.4722220
-40.8885731,-4.4721905
-40.8885578,-4.4721812
-40.8885391,-4.4721697
-40.8885020,-4.4721470
-40.8884996,-4.4721455
-40.8884971,-4.4721440
-40.8884952,-4.4721428
-40.8884950,-4.4721427
-40.8884880,-4.4721366
-40.8884831,-4.4721324
-40.8884778,-4.4721278
-40.8884698,-4.4721209
-40.8884550,-4.4721082
-40.8884338,-4.4720899
-40.8884289,-4.4720857
-40.8884208,-4.4720787
-40.8884195,-4.4720776
-40.8884174,-4.4720757
-40.8884166,-4.4720750
-40.8884153,-4.4720739
-40.8884087,-4.4720682
-40.8883768,-4.4720407
-40.8882325,-4.4719163
-40.8882029,-4.4718909
-40.8881150,-4.4718150
-40.8881088,-4.4718097
-40.8875065,-4.4712904
-40.8875065,-4.4712904
-40.8871267,-4.4710724
-40.8870680,-4.4710480
-40.8870641,-4.4710464
-40.8870329,-4.4710335
-40.8870243,-4.4710298
-40.8870234,-4.4710295
-40.8870171,-4.4710269
-40.8870054,-4.4710220
-40.8870021,-4.4710206
-40.8867536,-4.4709174
-40.8861222,-4.4705601
-40.8860535,-4.4705328
-40.8859765,-4.4705022
-40.8857199,-4.4704002
-40.8856865,-4.4703869
-40.8856666,-4.4703790
-40.8855590,-4.4703363
-40.8853730,-4.4702624
-40.8853412,-4.4702497
-40.8853379,-4.4702484
-40.8853285,-4.4702447
-40.8853260,-4.4702437
-40.8853175,-4.4702403
-40.8853102,-4.4702374
-40.8853017,-4.4702340
-40.8852937,-4.4702308
-40.8852907,-4.4702297
-40.8852834,-4.4702267
-40.8852802,-4.4702255
-40.8852773,-4.4702243
-40.8852750,-4.4702234
-40.8852726,-4.4702224
-40.8852708,-4.4702217
-40.8852686,-4.4702209
-40.8852683,-4.4702207
-40.8852674,-4.4702204
-40.8852626,-4.4702182
-40.8852542,-4.4702145
-40.8852493,-4.4702123
-40.8852474,-4.4702115
-40.8852456,-4.4702107
-40.8852441,-4.4702100
-40.8852429,-4.4702095
-40.8852404,-4.4702084
-40.8852377,-4.4702072
-40.8852333,-4.4702052
-40.8852132,-4.4701963
-40.8850502,-4.4701238
-40.8848971,-4.4700558
-40.8848821,-4.4700492
-40.8848352,-4.4700283
-40.8847935,-4.4700098
-40.8837766,-4.4695580
-40.8837697,-4.4695550
-40.8837559,-4.4695488
-40.8837356,-4.4695398
-40.8837084,-4.4695287
-40.8836908,-4.4695216
-40.8834192,-4.4694114
-40.8834174,-4.4694106
-40.8826559,-4.4691015
-40.8826540,-4.4691008
-40.8826096,-4.4690827
-40.8825336,-4.4690519
-40.8825290,-4.4690500
-40.8825264,-4.4690490
-40.8825232,-4.4690477
-40.8825202,-4.4690465
-40.8825186,-4.4690458
-40.8825176,-4.4690454
-40.8825167,-4.4690450
-40.8823718,-4.4689878
-40.8811387,-4.4685009
-40.8811343,-4.4684991
-40.8811315,-4.4684980
-40.8811199,-4.4684934
-40.8811064,-4.4684881
-40.8805612,-4.4683363
-40.8805560,-4.4683349
-40.8805408,-4.4683307
-40.8805353,-4.4683291
-40.8805333,-4.4683286
-40.8780719,-4.4672635
-40.8780719,-4.4672635
-40.8780719,-4.4672635
-40.8780719,-4.4672635
-40.8780719,-4.4672635
-40.8761881,-4.4661853
-40.8746099,-4.4668030
-40.8746099,-4.4668030
-40.8746099,-4.4668030
-40.8746099,-4.4668030
-40.8746098,-4.4668030
-40.8746098,-4.4668030
-40.8746098,-4.4668030
-40.8746098,-4.4668030
-40.8746098,-4.4668030
-40.8746098,-4.4668030
-40.8746098,-4.4668030
-40.8746098,-4.4668030
-40.8722380,-4.4652527
-40.8704655,-4.4655153
-40.8704652,-4.4655153
-40.8679480,-4.4666307
-40.8679479,-4.4666308
-40.8679069,-4.4666489
-40.8679069,-4.4666489
-40.8679069,-4.4666489
-40.8679069,-4.4666489
-40.8679069,-4.4666489
-40.8666810,-4.4667677
-40.8666809,-4.4667677
-40.8666809,-4.4667677
-40.8666809,-4.4667677
-40.8666809,-4.4667677
-40.8666809,-4.4667677
-40.8666809,-4.4667677
-40.8666809,-4.4667677
-40.8666809,-4.4667677
-40.8666809,-4.4667677
-40.8659123,-4.4662157
-40.8659123,-4.4662157
-40.8659123,-4.4662157
-40.8659123,-4.4662157
-40.8659123,-4.4662157
-40.8659123,-4.4662157
-40.8647754,-4.4642438
-40.8647703,-4.4642350
-40.8616269,-4.4665823
-40.8616268,-4.4665823
-40.8616013,-4.4666014
-40.8616013,-4.4666014
-40.8616013,-4.4666014
-40.8616013,-4.4666014
-40.8616013,-4.4666014
-40.8616013,-4.4666014
-40.8616013,-4.4666014
-40.8616013,-4.4666014
-40.8616013,-4.4666014
-40.8603976,-4.4665381
-40.8603976,-4.4665381
-40.8603976,-4.4665381
-40.8603976,-4.4665381
-40.8603976,-4.4665381
-40.8603976,-4.4665381
-40.8603976,-4.4665381
-40.8603976,-4.4665381
-40.8591246,-4.4656672
-40.8566953,-4.4662504
-40.8566953,-4.4662504
-40.8566953,-4.4662504
-40.8566953,-4.4662504
-40.8566953,-4.4662504
-40.8532947,-4.4659276
-40.8532947,-4.4659276
-40.8532947,-4.4659276
-40.8532947,-4.4659276
-40.8532947,-4.4659276
-40.8532947,-4.4659276
-40.8532947,-4.4659276
-40.8532947,-4.4659276
-40.8532947,-4.4659276
-40.8532947,-4.4659276
-40.8520224,-4.4644803
-40.8428355,-4.4628509
-40.8428355,-4.4628509
-40.8428355,-4.4628509
-40.8428355,-4.4628509
-40.8428355,-4.4628509
-40.8382411,-4.4601763
-40.8337297,-4.4597397
-40.8337297,-4.4597397
-40.8337296,-4.4597397
-40.8312828,-4.4590529
-40.8254957,-4.4589438
-40.8254957,-4.4589438
-40.8254957,-4.4589438
-40.8254957,-4.4589438
-40.8254957,-4.4589438
-40.8254957,-4.4589438
-40.8254957,-4.4589438
-40.8254957,-4.4589438
-40.8254957,-4.4589438
-40.8382412,-4.4601762
-40.8532947,-4.4659275
-40.8616013,-4.4666013
-40.8647704,-4.4642349
-40.8666810,-4.4667676
-40.8722380,-4.4652526
-40.8895464,-4.4727867
-40.8916272,-4.4707159
-40.8939619,-4.4715269
-40.8961782,-4.4699200
-40.9069142,-4.4709022
-40.9188853,-4.4689193
-41.0277994,-4.4568999
-41.0333471,-4.4610855
-41.0630947,-4.4741777
-41.0820073,-4.4746701
-41.0948238,-4.4777151
-41.1006305,-4.4776438
-41.1049790,-4.4797034
-41.1228977,-4.4829262
-41.1260469,-4.4834081
-41.1461977,-4.4701458
-41.1520051,-4.4698297
-41.1621998,-4.4666902
-41.1775718,-4.4676776
-41.1784823,-4.4593849
-41.1784823,-4.4593849
-41.1779142,-4.4572064
-41.1751555,-4.4495432
-41.1771347,-4.4412669
-41.1612067,-4.4149602
-41.1585174,-4.4029547
-41.1589712,-4.3921015
-41.1598755,-4.3901545
-41.1616887,-4.3882740
-41.1600114,-4.3814973
-41.1523441,-4.3745939
-41.1499112,-4.3680898
-41.1405284,-4.3702855
-41.0072955,-4.2725824
-40.9271485,-4.2903235
-40.8846949,-4.3182237
-40.8836335,-4.3156949
-40.8816156,-4.3162972
-40.8811777,-4.3146964
-40.8781768,-4.3143224
-40.8756015,-4.3234569
-40.8723670,-4.3222698
-40.8702648,-4.3238232
-40.8688142,-4.3207310
-40.8592809,-4.3162985
-40.8604282,-4.3129822
-40.8701613,-4.3053505
-40.8564978,-4.2973083
-40.8530306,-4.2973258
-40.8496113,-4.3040986
-40.8393657,-4.3142278
-40.8414484,-4.3166140
-40.8439589,-4.3167983
-40.8466547,-4.3212729
-40.8301413,-4.3308500
-40.8301413,-4.3308499
-40.8466546,-4.3212728
-40.8439589,-4.3167984
-40.8414483,-4.3166141
-40.8393656,-4.3142278
-40.8496112,-4.3040985
-40.8530306,-4.2973257
-40.8564978,-4.2973082
-40.8701615,-4.3053505
-40.8604282,-4.3129823
-40.8592810,-4.3162984
-40.8688143,-4.3207309
-40.8702648,-4.3238231
-40.8723670,-4.3222697
-40.8756015,-4.3234568
-40.8781768,-4.3143223
-40.8811778,-4.3146963
-40.8816156,-4.3162971
-40.8836335,-4.3156948
-40.8846949,-4.3182236
-40.9271485,-4.2903234
-41.0072955,-4.2725823
-41.1405284,-4.3702854
-41.1490591,-4.3671751
-41.1466479,-4.3645866
-41.1420835,-4.3590423
-41.1415431,-4.3537612
-41.1362101,-4.3483191
-41.1358501,-4.3440582
-41.1334226,-4.3401450
-41.1247329,-4.3351909
-41.1201713,-4.3305667
-41.1194346,-4.3242551
-41.1180838,-4.3188102
-41.1199715,-4.3090701
-41.1191240,-4.3065261
-41.1191240,-4.3065261
-41.1191301,-4.3064995
-41.1359048,-4.2335113
-41.0990873,-4.1818393
-41.0864124,-4.1898116
-41.0777883,-4.1933998
-41.0735058,-4.2002885
-41.0188442,-4.2015796
-41.0065927,-4.1902758
-40.9983397,-4.1993047
-40.9923881,-4.2083219
-40.9845839,-4.2109357
-40.9766896,-4.2264198
-40.8976842,-4.1565910
-40.8865375,-4.1526962
-40.8800620,-4.1566399
-40.8740867,-4.1560705
-40.8697540,-4.1578860
-40.8638776,-4.1552966
-40.8510757,-4.1543711
-40.8544998,-4.1468693
-40.8521093,-4.1427832
-40.8497750,-4.1407697
-40.8436917,-4.1397749
-40.8348456,-4.1334721
-40.8310905,-4.1262142
-40.8243534,-4.1241420
-40.8127160,-4.1238497
-40.8068464,-4.1239159
-40.7793119,-4.1322157
-40.7737490,-4.1281390
-40.7671447,-4.1310734
-40.7501225,-4.1340880
-40.7505569,-4.1394014
-40.7464456,-4.1462120
-40.7340127,-4.1421330
-40.7260152,-4.1371165
-40.7248044,-4.1416354
-40.7248044,-4.1416353
-40.7260151,-4.1371164
-40.7340128,-4.1421330
-40.7464456,-4.1462119
-40.7505568,-4.1394014
-40.7501224,-4.1340880
-40.7671447,-4.1310733
-40.7737490,-4.1281389
-40.7793119,-4.1322156
-40.8068464,-4.1239158
-40.8154162,-4.1237604
-40.8299765,-4.1115076
-40.8364051,-4.1123083
-40.8375637,-4.1054415
-40.8480140,-4.1036040
-40.8577681,-4.0744150
-40.8542524,-4.0706676
-40.8496467,-4.0618501
-40.8469643,-4.0621836
-40.8485178,-4.0571125
-40.8494422,-4.0457448
-40.8433228,-4.0427479
-40.8438751,-4.0306907
-40.8423592,-4.0271148
-40.8495504,-4.0194155
-40.8457815,-4.0085627
-40.8457815,-4.0085626
-40.8493791,-4.0183263
-40.8423593,-4.0271148
-40.8438752,-4.0306907
-40.8433229,-4.0427478
-40.8494423,-4.0457447
-40.8485178,-4.0571124
-40.8469644,-4.0621836
-40.8496467,-4.0618500
-40.8542525,-4.0706676
-40.8577682,-4.0744150
-40.8574814,-4.0759606
-40.8480141,-4.1036041
-40.8375637,-4.1054416
-40.8364052,-4.1123083
-40.8286910,-4.1121619
-40.8154117,-4.1239180
-40.8243534,-4.1241419
-40.8310905,-4.1262141
-40.8360124,-4.1345307
-40.8436917,-4.1397748
-40.8497751,-4.1407696
-40.8544999,-4.1468693
-40.8510758,-4.1543710
-40.8638776,-4.1552965
-40.8697540,-4.1578859
-40.8740867,-4.1560704
-40.8800620,-4.1566398
-40.8865375,-4.1526961
-40.8913925,-4.1535707
-40.9008874,-4.1589431
-40.8962227,-4.1500117
-40.8888946,-4.1448138
-40.8888947,-4.1448138
-40.8962228,-4.1500117
-40.9008876,-4.1589432
-40.9766895,-4.2264198
-40.9845839,-4.2109356
-40.9923880,-4.2083219
-40.9983396,-4.1993046
-41.0065927,-4.1902757
-41.0188442,-4.2015795
-41.0735058,-4.2002884
-41.0777882,-4.1933998
-41.0864123,-4.1898116
-41.0990873,-4.1818392
-41.0908856,-4.1703318
-41.1057572,-4.1696185
-41.1183295,-4.1652241
-41.1261503,-4.1528306
-41.1253297,-4.1449497
-41.1281146,-4.1393244
-41.1342747,-4.1316521
-41.1431156,-4.1243203
-41.1431399,-4.1242337
-41.1431399,-4.1242337
-41.1408264,-4.1235850
-41.1393781,-4.1209527
-41.1349085,-4.1203854
-41.1310580,-4.1165639
-41.1257415,-4.1062639
-41.1065376,-4.0823683
-41.1065009,-4.0790151
-41.0907337,-4.0613092
-41.0643605,-4.0499677
-41.0339009,-4.0668380
-41.0214055,-4.0627529
-41.0004632,-4.0607942
-40.9856155,-4.0569202
-40.9830880,-4.0574969
-40.9738832,-4.0577654
-40.9408923,-4.0577512
-40.8910275,-4.1060868
-40.8894466,-4.1191679
-40.8904069,-4.1306663
-40.8904068,-4.1306663
-40.8894465,-4.1191679
-40.8910274,-4.1060868
-40.9408923,-4.0577511
-40.9738832,-4.0577653
-40.9830880,-4.0574968
-40.9856155,-4.0569201
-41.0004632,-4.0607941
-41.0214055,-4.0627528
-41.0339009,-4.0668379
-41.0643605,-4.0499676
-41.0907336,-4.0613091
-41.1065010,-4.0790150
-41.1065376,-4.0823682
-41.1257415,-4.1062638
-41.1310581,-4.1165639
-41.1349085,-4.1203853
-41.1393780,-4.1209526
-41.1371322,-4.1168706
-41.1344007,-4.1049085
-41.1289359,-4.0972695
-41.1275947,-4.0886714
-41.1216193,-4.0741682
-41.1275353,-4.0660638
-41.1271585,-4.0613897
-41.1141151,-4.0518193
-41.1128693,-4.0417415
-41.1142824,-4.0405647
