-39.2468265,-5.5924786
-39.2487221,-5.5939747
-39.2522691,-5.6011801
-39.2624579,-5.6225480
-39.2697573,-5.6331062
-39.2675391,-5.6402765
-39.2683617,-5.6427951
-39.2727120,-5.6468609
-39.2741635,-5.6520931
-39.2764341,-5.6515096
-39.2765347,-5.6606172
-39.2804520,-5.6675917
-39.2780376,-5.6711771
-39.2758140,-5.6723397
-39.2702588,-5.6719558
-39.2614199,-5.6781602
-39.2613241,-5.6817447
-39.2642262,-5.6880400
-39.2682382,-5.6916228
-39.2710968,-5.7088648
-39.2732240,-5.7091566
-39.2678616,-5.7110956
-39.2659307,-5.7149717
-39.2610020,-5.7156532
-39.2644378,-5.7284390
-39.2628449,-5.7331859
-39.2672474,-5.7424854
-39.2674458,-5.7530464
-39.2678495,-5.7542842
-39.2728118,-5.7575960
-39.2743595,-5.7617613
-39.2788553,-5.7622433
-39.2803028,-5.7582720
-39.2829115,-5.7563325
-39.2953388,-5.7681461
-39.3006061,-5.7681430
-39.3020588,-5.7732750
-39.3076398,-5.7717181
-39.3093845,-5.7798541
-39.3205257,-5.7844995
-39.3269982,-5.7854149
-39.3507257,-5.7726989
-39.3861153,-5.7537242
-39.4339268,-5.7280733
-39.4517477,-5.7379421
-39.4570230,-5.7308801
-39.4563653,-5.7253328
-39.4587780,-5.7249258
-39.4629498,-5.7184681
-39.4632509,-5.7171547
-39.4598264,-5.7130241
-39.4641040,-5.7136268
-39.4661124,-5.7111010
-39.4713985,-5.7122078
-39.4754737,-5.7017134
-39.4735898,-5.6989073
-39.4733916,-5.6954053
-39.4733917,-5.6954053
-39.4735899,-5.6989073
-39.4749510,-5.7015350
-39.4797581,-5.7030382
-39.4798604,-5.7094594
-39.4871964,-5.7166057
-39.4879265,-5.7204479
-39.4934654,-5.7253092
-39.5001145,-5.7239890
-39.5032737,-5.7277323
-39.5029870,-5.7323056
-39.5461727,-5.8271778
-39.5487452,-5.8280064
-39.5529595,-5.8356560
-39.5564828,-5.8488548
-39.5542259,-5.8525267
-39.5506400,-5.8533131
-39.5487723,-5.8558144
-39.5490107,-5.8610469
-39.5463617,-5.8626132
-39.5499692,-5.8836974
-39.5519976,-5.8855704
-39.5529442,-5.8966621
-39.5504559,-5.9030686
-39.5507742,-5.9091634
-39.5524185,-5.9172075
-39.5582763,-5.9264989
-39.5610272,-5.9495366
-39.5601738,-5.9535221
-39.5632994,-5.9605488
-39.5677452,-5.9606222
-39.5767176,-5.9636078
-39.5785179,-5.9692053
-39.5803753,-5.9683317
-39.5874307,-5.9738507
-39.5944217,-5.9749755
-39.5984199,-5.9802513
-39.5985034,-5.9858829
-39.6014776,-5.9895384
-39.6050627,-5.9889000
-39.6116388,-5.9821554
-39.6211932,-5.9772873
-39.6243820,-5.9769683
-39.6243811,-5.9754114
-39.6269380,-5.9770059
-39.6392477,-5.9713184
-39.6457486,-5.9660743
-39.6486161,-5.9672354
-39.6526423,-5.9666495
-39.6543537,-5.9729033
-39.6604036,-5.9807504
-39.6635944,-5.9918036
-39.6705355,-5.9947474
-39.6700002,-6.0002571
-39.6724108,-6.0052362
-39.6732589,-6.0198985
-39.6750050,-6.0224827
-39.6784938,-6.0209266
-39.6802413,-6.0228222
-39.6848323,-6.0214380
-39.6864788,-6.0160879
-39.6957544,-6.0157288
-39.7045559,-6.0046798
-39.7146669,-6.0091511
-39.7213688,-6.0069010
-39.7264208,-6.0068956
-39.7248700,-6.0143121
-39.7265240,-6.0151727
-39.7283574,-6.0130992
-39.7302969,-6.0208588
-39.7320287,-6.0211773
-39.7346106,-6.0187841
-39.7426005,-6.0180837
-39.7415827,-6.0122198
-39.7462620,-6.0084200
-39.7453396,-6.0054886
-39.7416629,-6.0029061
-39.7417514,-6.0003170
-39.7301707,-5.9906458
-39.7219338,-5.9777297
-39.7216439,-5.9758148
-39.7230762,-5.9754306
-39.7340346,-5.9840814
-39.7545241,-6.0066816
-39.7690390,-6.0078680
-39.7758492,-6.0168287
-39.7931648,-6.0214072
-39.8002335,-6.0195977
-39.8014726,-6.0162761
-39.8090373,-6.0157305
-39.8129193,-6.0120644
-39.8165890,-6.0206627
-39.8240000,-6.0218600
-39.8264999,-6.0253905
-39.8272036,-6.0275450
-39.8256900,-6.0333154
-39.8228442,-6.0340098
-39.8226630,-6.0353904
-39.8248701,-6.0371105
-39.8258878,-6.0419380
-39.8405310,-6.0547269
-39.8426186,-6.0591060
-39.8535406,-6.0641490
-39.8564309,-6.0669527
-39.8569952,-6.0732900
-39.8642619,-6.0768071
-39.8638872,-6.0812753
-39.8683872,-6.0813518
-39.8722631,-6.0865778
-39.8738740,-6.0853008
-39.8771034,-6.0865726
-39.8754505,-6.0894228
-39.8760495,-6.0911238
-39.8875625,-6.0945501
-39.8862920,-6.0971898
-39.8889312,-6.0989709
-39.8991533,-6.0926151
-39.9044634,-6.0926506
-39.9052556,-6.0854604
-39.9093737,-6.0832825
-39.9114910,-6.0802187
-39.9181626,-6.0825461
-39.9260375,-6.0931231
-39.9282021,-6.0929057
-39.9357681,-6.0969791
-39.9422789,-6.1044091
-39.9476726,-6.1046995
-39.9532862,-6.0997767
-39.9569704,-6.1000904
-39.9566226,-6.0983505
-39.9636492,-6.0934954
-39.9634262,-6.0888144
-39.9559987,-6.0826095
-39.9504339,-6.0799465
-39.9490466,-6.0822407
-39.9445565,-6.0799105
-39.9351019,-6.0797533
-39.9303354,-6.0741449
-39.9211102,-6.0681624
-39.9158982,-6.0618020
-39.9104641,-6.0584403
-39.9101902,-6.0554732
-39.9056465,-6.0490528
-39.9078419,-6.0471174
-39.9055449,-6.0419524
-39.9062532,-6.0366471
-39.8896512,-6.0344276
-39.8852704,-6.0272754
-39.8868970,-6.0247665
-39.8832561,-6.0203243
-39.8723310,-6.0142524
-39.8712510,-6.0122709
-39.8740718,-6.0059235
-39.8686957,-6.0061645
-39.8673623,-6.0024435
-39.8631649,-6.0013945
-39.8627969,-5.9954915
-39.8571203,-5.9919069
-39.8556713,-5.9871483
-39.8529729,-5.9867208
-39.8534069,-5.9899773
-39.8476134,-5.9900157
-39.8419953,-5.9855101
-39.8426371,-5.9837089
-39.8453953,-5.9830291
-39.8449015,-5.9811873
-39.8413709,-5.9779061
-39.8351449,-5.9762870
-39.8322124,-5.9634208
-39.8359965,-5.9513157
-39.8342994,-5.9448985
-39.8371894,-5.9291970
-39.8380145,-5.9284906
-39.8497647,-5.9334779
-39.8506173,-5.9302201
-39.8538338,-5.9287109
-39.8536708,-5.9222928
-39.8600727,-5.9199790
-39.8667772,-5.9133055
-39.8705462,-5.9130210
-39.8715235,-5.9109319
-39.8747108,-5.9098815
-39.8776232,-5.9100929
-39.8769106,-5.9058224
-39.8703455,-5.9020248
-39.8691445,-5.8986168
-39.8623073,-5.8973087
-39.8655814,-5.8930953
-39.8610694,-5.8896928
-39.8679669,-5.8897107
-39.8707346,-5.8825369
-39.8770014,-5.8849380
-39.8910143,-5.8965435
-39.9059564,-5.8971772
-39.9111941,-5.9008684
-39.9145143,-5.9013715
-39.9208832,-5.8971820
-39.9231150,-5.8931569
-39.9258728,-5.8923533
-39.9273066,-5.8885114
-39.9323029,-5.8893943
-39.9344439,-5.8862571
-39.9384569,-5.8846217
-39.9394364,-5.8830245
-39.9385702,-5.8799524
-39.9435081,-5.8818805
-39.9530335,-5.8772266
-39.9539779,-5.8735697
-39.9598307,-5.8730994
-39.9597067,-5.8716262
-39.9441791,-5.8611478
-39.9405046,-5.8626277
-39.9382573,-5.8570709
-39.9324590,-5.8543478
-39.9322699,-5.8510324
-39.9242215,-5.8395575
-39.9240319,-5.8359340
-39.9203766,-5.8325916
-39.9254354,-5.8320005
-39.9353857,-5.8263018
-39.9487176,-5.8259414
-39.9506749,-5.8234788
-39.9502129,-5.8220369
-39.9564929,-5.8208293
-39.9580817,-5.8179377
-39.9607774,-5.8167065
-39.9667923,-5.8222243
-39.9751586,-5.8216280
-39.9860236,-5.8137153
-39.9878239,-5.8079043
-39.9850265,-5.8038263
-39.9857539,-5.7989724
-39.9877360,-5.7935301
-39.9905831,-5.7910389
-39.9913316,-5.7812997
-39.9949737,-5.7793657
-40.0066482,-5.7773699
-40.0092864,-5.7746211
-40.0075948,-5.7686987
-40.0035488,-5.7638919
-40.0038706,-5.7555589
-40.0077499,-5.7478947
-40.0077499,-5.7478947
-40.0029231,-5.7357656
-40.0037866,-5.7344166
-40.0071524,-5.7357597
-40.0085434,-5.7348405
-40.0063020,-5.7201034
-40.0082325,-5.7146799
-40.0149508,-5.7076829
-40.0171572,-5.7077095
-40.0185109,-5.7098278
-40.0218354,-5.7108665
-40.0332347,-5.7052592
-40.0362710,-5.7020591
-40.0379225,-5.6944380
-40.0417517,-5.6889862
-40.0429684,-5.6810726
-40.0468674,-5.6752574
-40.0498344,-5.6743095
-40.0501176,-5.6711138
-40.0427924,-5.6640877
-40.0435110,-5.6614733
-40.0399538,-5.6566178
-40.0371876,-5.6476211
-40.0332006,-5.6447976
-40.0344964,-5.6411662
-40.0245746,-5.6409656
-40.0219011,-5.6432197
-40.0197221,-5.6390145
-40.0229764,-5.6371938
-40.0226830,-5.6355978
-40.0161592,-5.6318353
-40.0112993,-5.6259638
-40.0048572,-5.6285167
-39.9992975,-5.6286892
-39.9907519,-5.6340684
-39.9880535,-5.6316514
-39.9846965,-5.6317987
-39.9818754,-5.6347332
-39.9736178,-5.6309523
-39.9686225,-5.6326641
-39.9664853,-5.6315944
-39.9633084,-5.6183216
-39.9584099,-5.6194474
-39.9581275,-5.6253830
-39.9551712,-5.6284535
-39.9580929,-5.6335086
-39.9523269,-5.6396960
-39.9482958,-5.6373199
-39.9416928,-5.6371344
-39.9399896,-5.6330996
-39.9320804,-5.6334534
-39.9385240,-5.6273623
-39.9374522,-5.6246378
-39.9285662,-5.6214916
-39.9261418,-5.6222734
-39.9259077,-5.6277703
-39.9236788,-5.6295244
-39.9256773,-5.6344342
-39.9244178,-5.6369671
-39.9187875,-5.6365873
-39.9116624,-5.6412205
-39.9079716,-5.6408378
-39.8996612,-5.6330183
-39.8937832,-5.6298642
-39.8773290,-5.6280895
-39.8780691,-5.6360181
-39.8760828,-5.6387940
-39.8642733,-5.6273804
-39.8598062,-5.6264114
-39.8549570,-5.6288528
-39.8512161,-5.6255974
-39.8493650,-5.6216122
-39.8495960,-5.6129998
-39.8457097,-5.6098931
-39.8478846,-5.6036140
-39.8415214,-5.6005583
-39.8264880,-5.5730924
-39.8236670,-5.5692056
-39.8190085,-5.5673624
-39.8162405,-5.5675111
-39.8106163,-5.5719956
-39.8063987,-5.5728291
-39.8047453,-5.5716635
-39.8025688,-5.5767750
-39.7934484,-5.5796095
-39.7870009,-5.5835586
-39.7837556,-5.5875027
-39.7772533,-5.5886795
-39.7750731,-5.5908714
-39.7723539,-5.5906793
-39.7717658,-5.5852325
-39.7695773,-5.5831425
-39.7585616,-5.5822325
-39.7504484,-5.5755765
-39.7450687,-5.5817634
-39.7442601,-5.5943659
-39.7392651,-5.5976315
-39.7373738,-5.5978773
-39.7373711,-5.5961250
-39.7147098,-5.5978562
-39.6954482,-5.6021117
-39.6930246,-5.6041580
-39.6938583,-5.6116978
-39.6841065,-5.6141911
-39.6766413,-5.6223737
-39.6722687,-5.6180959
-39.6680936,-5.6168360
-39.6641587,-5.6135811
-39.6621144,-5.6094966
-39.6582855,-5.6125660
-39.6547909,-5.6127644
-39.6411494,-5.6097146
-39.6369243,-5.6059741
-39.6323137,-5.6062144
-39.6310737,-5.6259755
-39.6383627,-5.6346284
-39.6391897,-5.6367190
-39.5825234,-5.6103599
-39.5714068,-5.6075978
-39.5388978,-5.6154118
-39.5114423,-5.6310052
-39.5006533,-5.6173941
-39.4836170,-5.6154126
-39.4806152,-5.6244637
-39.4825152,-5.6345351
-39.4771861,-5.6449497
-39.4717474,-5.6433964
-39.4414729,-5.6574339
-39.4314738,-5.6549114
-39.4376423,-5.6639054
-39.4639707,-5.6898655
-39.4700835,-5.6858717
-39.4721701,-5.6863082
-39.4721701,-5.6863083
-39.4700836,-5.6858717
-39.4639707,-5.6898656
-39.4376422,-5.6639054
-39.4314737,-5.6549113
-39.4414728,-5.6574338
-39.4717474,-5.6433963
-39.4771861,-5.6449496
-39.4825151,-5.6345351
-39.4806151,-5.6244637
-39.4836169,-5.6154125
-39.5006534,-5.6173941
-39.5114422,-5.6310052
-39.5320093,-5.6191163
-39.5714068,-5.6075977
-39.5825234,-5.6103598
-39.6391896,-5.6367190
-39.6383626,-5.6346284
-39.6310736,-5.6259756
-39.6323137,-5.6062143
-39.6254401,-5.6081994
-39.6227163,-5.6041441
-39.6153135,-5.6004607
-39.6109263,-5.5938132
-39.5996352,-5.5845095
-39.5940531,-5.5753350
-39.5835435,-5.5501964
-39.5851242,-5.5360924
-39.5807455,-5.5363610
-39.5787502,-5.5337026
-39.5781494,-5.5293779
-39.5760254,-5.5272515
-39.5723083,-5.5267229
-39.5614985,-5.5323882
-39.5520732,-5.5281397
-39.5594960,-5.5188175
-39.5747144,-5.5143154
-39.5810892,-5.5044261
-39.5886031,-5.5055063
-39.5911190,-5.5031521
-39.5964613,-5.5024924
-39.6019496,-5.4982336
-39.6024007,-5.4938631
-39.6048473,-5.4897618
-39.6220155,-5.4807909
-39.6289223,-5.4806640
-39.6301843,-5.4783666
-39.6372456,-5.4734905
-39.6382265,-5.4684605
-39.6366454,-5.4646630
-39.6395219,-5.4618495
-39.6402295,-5.4570981
-39.6446874,-5.4549148
-39.6457881,-5.4527037
-39.6451975,-5.4483968
-39.6433764,-5.4470399
-39.6496453,-5.4412127
-39.6572236,-5.4394631
-39.6584452,-5.4372037
-39.6582783,-5.4297619
-39.6628129,-5.4236990
-39.6702950,-5.4081749
-39.6664190,-5.4009724
-39.6666901,-5.3968157
-39.6688165,-5.3921434
-39.6728015,-5.3904362
-39.6738253,-5.3869509
-39.6710978,-5.3844598
-39.6631298,-5.3880304
-39.6641867,-5.3798357
-39.6580400,-5.3749338
-39.6509587,-5.3753175
-39.6496235,-5.3758963
-39.6493256,-5.3835085
-39.6432489,-5.3836582
-39.6301671,-5.3998480
-39.6197543,-5.3986523
-39.6164776,-5.4009984
-39.6138357,-5.4060241
-39.6090598,-5.4049926
-39.6027557,-5.4074530
-39.6010384,-5.4072548
-39.5981141,-5.4000688
-39.5888068,-5.4065093
-39.5823873,-5.4080626
-39.5769470,-5.4028954
-39.5734220,-5.4029896
-39.5683910,-5.4001215
-39.5663662,-5.3800737
-39.5609487,-5.3779223
-39.5420346,-5.3785628
-39.5325233,-5.3748437
-39.5273704,-5.3797247
-39.5267083,-5.3817293
-39.5286251,-5.3833057
-39.5091583,-5.4112732
-39.5116685,-5.4216163
-39.5167023,-5.4319122
-39.5177230,-5.4469737
-39.4570172,-5.4796658
-39.4426349,-5.4872834
-39.3683895,-5.5265760
-39.3520261,-5.5221469
-39.3517266,-5.5220662
-39.3114608,-5.5112337
-39.3064037,-5.5096484
-39.3023623,-5.5103243
-39.3000828,-5.5129507
-39.2960188,-5.5139877
-39.2942096,-5.5174344
-39.2882391,-5.5197181
-39.2838155,-5.5254884
-39.2783300,-5.5253594
-39.2779138,-5.5292911
-39.2708985,-5.5367867
-39.2698984,-5.5405964
-39.2638822,-5.5479316
-39.2656558,-5.5539246
-39.2620332,-5.5584230
-39.2568449,-5.5577766
-39.2539730,-5.5609383
-39.2532880,-5.5679873
-39.2598675,-5.5809585
-39.2468265,-5.5924786
