-40.4123203,-4.6373560
-40.4127816,-4.6383807
-40.4128449,-4.6385212
-40.4228357,-4.6607147
-40.4470273,-4.7320729
-40.5237398,-4.8495084
-40.5402055,-4.8437976
-40.5410032,-4.8446633
-40.5416463,-4.8554786
-40.5461788,-4.8683035
-40.5399675,-4.8771256
-40.5403462,-4.8928439
-40.5370435,-4.9001721
-40.5399283,-4.9113079
-40.5424525,-4.9151898
-40.6161459,-4.8134020
-40.6185946,-4.8079248
-40.6332910,-4.7967984
-40.6344876,-4.7933317
-40.6332911,-4.7967984
-40.6185947,-4.8079248
-40.6161460,-4.8134021
-40.5424526,-4.9151899
-40.6359471,-4.9246321
-40.6522277,-4.9858046
-40.7148291,-4.9479935
-40.8314864,-4.9805043
-41.0518242,-5.0240724
-41.0528914,-5.0220340
-41.0510470,-5.0121291
-41.0437356,-4.9984967
-41.0434604,-4.9881558
-41.0412071,-4.9856413
-41.0405457,-4.9792742
-41.0381112,-4.9774777
-41.0382657,-4.9748384
-41.0346703,-4.9679716
-41.0362286,-4.9655260
-41.0340166,-4.9651502
-41.0331219,-4.9608391
-41.0300113,-4.9603024
-41.0246121,-4.9540700
-41.0222680,-4.9548982
-41.0200245,-4.9497916
-41.0083005,-4.9396998
-41.0091928,-4.9366701
-41.0037673,-4.9342695
-41.0065697,-4.9310532
-41.0038192,-4.9280414
-41.0001105,-4.9284743
-41.0000345,-4.9250197
-40.9977318,-4.9249494
-40.9974752,-4.9217789
-40.9945262,-4.9180863
-40.9925017,-4.9180839
-40.9921985,-4.9155360
-40.9874059,-4.9144211
-40.9858903,-4.9110690
-40.9788594,-4.9089082
-40.9775319,-4.9055712
-40.9722349,-4.9010436
-40.9696460,-4.9026907
-40.9672673,-4.8984708
-40.9609017,-4.8932556
-40.9563916,-4.8930942
-40.9514820,-4.8902811
-40.9508729,-4.8875057
-40.9471308,-4.8871323
-40.9418747,-4.8828635
-40.9269905,-4.8862562
-40.9192851,-4.8837411
-40.9096397,-4.8748875
-40.9001057,-4.8729207
-40.8945556,-4.8681578
-40.8854416,-4.8655204
-40.8794295,-4.8682814
-40.8721150,-4.8631900
-40.8806876,-4.8597999
-40.8756780,-4.8545145
-40.8759272,-4.8520205
-40.8792511,-4.8502652
-40.8786666,-4.8471508
-40.8814088,-4.8434648
-40.8763834,-4.8320725
-40.8800921,-4.8299407
-40.8778986,-4.8237941
-40.8794946,-4.8225436
-40.8778839,-4.8188697
-40.8779994,-4.8143812
-40.8791527,-4.8143773
-40.8862724,-4.7974870
-40.8826939,-4.8003656
-40.8805154,-4.7999978
-40.8826755,-4.7936958
-40.8738911,-4.7896051
-40.8719677,-4.7885503
-40.8644109,-4.7881992
-40.8652384,-4.7842091
-40.8514159,-4.7838933
-40.8426247,-4.7859160
-40.8275245,-4.8099609
-40.8258895,-4.8111675
-40.8197658,-4.8120284
-40.8144298,-4.8164040
-40.8068441,-4.8183860
-40.7893425,-4.8222224
-40.7848961,-4.8235223
-40.7712318,-4.8388570
-40.7663755,-4.8473286
-40.7640376,-4.8551424
-40.7624847,-4.8666350
-40.7230702,-4.8426338
-40.7178763,-4.8503562
-40.7164052,-4.8540460
-40.7088780,-4.8555250
-40.6970026,-4.8630214
-40.6938466,-4.8602638
-40.6867651,-4.8585680
-40.6693201,-4.8471705
-40.6568182,-4.8274847
-40.6559244,-4.8207855
-40.6477856,-4.8069528
-40.6387365,-4.7995958
-40.6387365,-4.7995957
-40.6477856,-4.8069527
-40.6559245,-4.8207855
-40.6568183,-4.8274846
-40.6867651,-4.8585679
-40.6938467,-4.8602638
-40.6970026,-4.8630213
-40.7114866,-4.8542609
-40.7180191,-4.8530974
-40.7178762,-4.8503562
-40.7230701,-4.8426338
-40.7624846,-4.8666350
-40.7640375,-4.8551424
-40.7663754,-4.8473286
-40.7712318,-4.8388569
-40.7848961,-4.8235222
-40.7893425,-4.8222223
-40.8068441,-4.8183859
-40.8144298,-4.8164039
-40.8197658,-4.8120283
-40.8258895,-4.8111674
-40.8275245,-4.8099608
-40.8426246,-4.7859160
-40.8514158,-4.7838933
-40.8652385,-4.7842090
-40.8644109,-4.7881991
-40.8719677,-4.7885502
-40.8738911,-4.7896050
-40.8827081,-4.7877841
-40.8827481,-4.7863548
-40.8827481,-4.7863548
-40.8834166,-4.7756801
-40.8799955,-4.7732807
-40.8790910,-4.7707273
-40.8824538,-4.7591848
-40.8826292,-4.7532141
-40.8784095,-4.7483588
-40.8764375,-4.7465472
-40.8744146,-4.7443813
-40.8722144,-4.7375947
-40.8662448,-4.7321241
-40.8673867,-4.7283811
-40.8716048,-4.7255655
-40.8726760,-4.7137225
-40.8638468,-4.7155508
-40.8590958,-4.7123479
-40.8551652,-4.7157442
-40.8503857,-4.7155362
-40.8448362,-4.7184476
-40.8368344,-4.7168899
-40.8335109,-4.7181407
-40.8263664,-4.7168269
-40.8245356,-4.7144659
-40.8125479,-4.7089831
-40.8082539,-4.7050868
-40.8060400,-4.7054072
-40.8025754,-4.7088015
-40.7947918,-4.7084735
-40.7894415,-4.7124582
-40.7845929,-4.7121411
-40.7815201,-4.7083196
-40.7797772,-4.7089005
-40.7803455,-4.7109903
-40.7783870,-4.7113875
-40.7769074,-4.7093390
-40.7740357,-4.7099219
-40.7714539,-4.7075236
-40.7676860,-4.7083031
-40.7624792,-4.7066006
-40.7577822,-4.7106399
-40.7527468,-4.7115076
-40.7480424,-4.7089986
-40.7413688,-4.7106198
-40.7372743,-4.7088384
-40.7322245,-4.7145142
-40.6709300,-4.7033846
-40.6615105,-4.6870533
-40.6587741,-4.6872648
-40.6561771,-4.6891239
-40.6599248,-4.7050445
-40.6432353,-4.7229454
-40.6417649,-4.7261838
-40.6481745,-4.7327155
-40.6485132,-4.7351777
-40.6413433,-4.7571879
-40.6386459,-4.7644357
-40.6367578,-4.7646289
-40.6377499,-4.7694220
-40.6369241,-4.7758281
-40.6342101,-4.7813688
-40.6339258,-4.7884596
-40.6342100,-4.7813688
-40.6369240,-4.7758281
-40.6377498,-4.7694220
-40.6367577,-4.7646289
-40.6386458,-4.7644357
-40.6413432,-4.7571878
-40.6486525,-4.7340444
-40.6417648,-4.7261838
-40.6432352,-4.7229454
-40.6593980,-4.7062235
-40.6597625,-4.7026736
-40.6568753,-4.6885372
-40.6615105,-4.6870532
-40.6264411,-4.6220119
-40.6227067,-4.6258358
-40.6120584,-4.6219244
-40.6071975,-4.6218632
-40.6024253,-4.6191421
-40.6012414,-4.6159482
-40.5967198,-4.6117141
-40.5967960,-4.6085233
-40.5936028,-4.6063791
-40.5882902,-4.5980520
-40.5879845,-4.5888679
-40.5860598,-4.5865588
-40.5866440,-4.5841829
-40.5849368,-4.5839492
-40.5837606,-4.5783403
-40.5879712,-4.5751766
-40.5865965,-4.5605150
-40.5882176,-4.5579079
-40.5094864,-4.5077172
-40.4581247,-4.5296486
-40.3812780,-4.5498735
-40.3785158,-4.5527262
-40.3747572,-4.5539130
-40.4123203,-4.6373560
