-38.6487116,-4.9379900
-38.6474810,-4.9375486
-38.6343258,-4.9289439
-38.6278293,-4.9222478
-38.6278294,-4.9222478
-38.6343259,-4.9289439
-38.6474809,-4.9375485
-38.6388800,-4.9276136
-38.6380104,-4.9170994
-38.6417686,-4.9140177
-38.6494687,-4.9024886
-38.6470784,-4.8951757
-38.6495761,-4.8925249
-38.6511319,-4.8927077
-38.6534093,-4.8890582
-38.6568030,-4.8884696
-38.6599675,-4.8803720
-38.6665233,-4.8722291
-38.6616845,-4.8623412
-38.6537746,-4.8550418
-38.6500255,-4.8537370
-38.6501044,-4.8511811
-38.6389665,-4.8503769
-38.6204634,-4.8382160
-38.6152140,-4.8383122
-38.6122765,-4.8362650
-38.6118542,-4.8319865
-38.6011653,-4.8219396
-38.6015520,-4.8192486
-38.5969698,-4.8173946
-38.5971061,-4.8126135
-38.5948527,-4.8113255
-38.5907466,-4.8126841
-38.5867686,-4.8097330
-38.5815837,-4.8022155
-38.5815239,-4.7989337
-38.5784908,-4.7971208
-38.5798244,-4.7928822
-38.5769411,-4.7891793
-38.5788561,-4.7846634
-38.5772430,-4.7834849
-38.5759651,-4.7782999
-38.5784320,-4.7752266
-38.5781041,-4.7720578
-38.5748817,-4.7680704
-38.5624079,-4.7603956
-38.5517667,-4.7565342
-38.5397697,-4.7572022
-38.5277421,-4.7465370
-38.5259387,-4.7410078
-38.5229474,-4.7373607
-38.5233866,-4.7358482
-38.5199079,-4.7349947
-38.5197460,-4.7310545
-38.5251926,-4.7262525
-38.5328792,-4.7081317
-38.5325783,-4.7015003
-38.5296894,-4.7000779
-38.5280222,-4.6952589
-38.5294383,-4.6807838
-38.5239707,-4.6762059
-38.5158871,-4.6734278
-38.5125992,-4.6671340
-38.5071658,-4.6622337
-38.5062379,-4.6583892
-38.5002179,-4.6532735
-38.4907748,-4.6510223
-38.4766052,-4.6501025
-38.4673246,-4.6459172
-38.4638579,-4.6505617
-38.4587663,-4.6540914
-38.4499418,-4.6512364
-38.4485266,-4.6496621
-38.4487447,-4.6451722
-38.4336571,-4.6369208
-38.4301569,-4.6318838
-38.4217698,-4.6243968
-38.4219960,-4.6186785
-38.4084059,-4.6072243
-38.4045207,-4.5959866
-38.3920829,-4.5885862
-38.3889932,-4.5792519
-38.3874746,-4.5787944
-38.3833822,-4.5822054
-38.3736252,-4.5812864
-38.3691294,-4.5767319
-38.3689001,-4.5712697
-38.3715363,-4.5647855
-38.3680329,-4.5614827
-38.3690973,-4.5477151
-38.3650129,-4.5409977
-38.3667092,-4.5392010
-38.3676420,-4.5406812
-38.3690456,-4.5403390
-38.3693996,-4.5349946
-38.3729346,-4.5308205
-38.3815252,-4.5279847
-38.3829967,-4.5209007
-38.3823224,-4.5187683
-38.3756515,-4.5136484
-38.3643581,-4.5073182
-38.3606327,-4.5008744
-38.3585753,-4.5047749
-38.3468207,-4.5133988
-38.3224079,-4.5190566
-38.3116861,-4.5286470
-38.3066855,-4.5310550
-38.3014104,-4.5375972
-38.2936064,-4.5436657
-38.2794890,-4.5498135
-38.2354891,-4.5738555
-38.2296892,-4.5817442
-38.2157923,-4.5895949
-38.2193509,-4.5919627
-38.2217715,-4.5974262
-38.2290421,-4.6039538
-38.2389652,-4.6172285
-38.2892677,-4.6664127
-38.2910481,-4.6729789
-38.2983254,-4.6790922
-38.3035769,-4.6809406
-38.3081888,-4.6803603
-38.3145434,-4.6787530
-38.3261034,-4.6727937
-38.3459087,-4.6870510
-38.3503568,-4.6928247
-38.3631592,-4.7014914
-38.3637703,-4.7035532
-38.3610206,-4.7047319
-38.3633476,-4.7144979
-38.3709573,-4.7198711
-38.3741078,-4.7237847
-38.3757368,-4.7288199
-38.3904877,-4.7424412
-38.3908380,-4.7462602
-38.4037876,-4.7557864
-38.4094124,-4.7573318
-38.4116865,-4.7632282
-38.4137508,-4.7628965
-38.4176013,-4.7576737
-38.4210910,-4.7580115
-38.4225119,-4.7596206
-38.4214390,-4.7666532
-38.4222914,-4.7693341
-38.4335330,-4.7804642
-38.4410723,-4.7906547
-38.4531702,-4.7996392
-38.4592146,-4.8106986
-38.4688239,-4.8168012
-38.4559297,-4.8230221
-38.4517261,-4.8263012
-38.4472391,-4.8328638
-38.4358285,-4.8341771
-38.4339930,-4.8406687
-38.4308544,-4.8449259
-38.4305188,-4.8568784
-38.4156667,-4.8636124
-38.4028508,-4.8615749
-38.3979714,-4.8581245
-38.3915200,-4.8571354
-38.3860192,-4.8536897
-38.3788808,-4.8516196
-38.3721335,-4.8547317
-38.3675731,-4.8493449
-38.3596808,-4.8470915
-38.3569626,-4.8487855
-38.3554368,-4.8538704
-38.3422778,-4.8574723
-38.3379693,-4.8610836
-38.3310260,-4.8588161
-38.3256551,-4.8551924
-38.3201291,-4.8581997
-38.3105145,-4.8578882
-38.3003569,-4.8686385
-38.2906896,-4.8697794
-38.2868578,-4.8765976
-38.2836578,-4.8791862
-38.2686023,-4.8774761
-38.2619929,-4.8830286
-38.2139654,-4.9739424
-38.2141629,-5.0469320
-38.2408548,-5.1354515
-38.2445488,-5.1631379
-38.2488645,-5.1682227
-38.2465381,-5.1735819
-38.2485261,-5.1800041
-38.2387202,-5.1885289
-38.2377593,-5.1965005
-38.2342781,-5.2007217
-38.2385562,-5.2098968
-38.2437128,-5.2112764
-38.2602649,-5.2229211
-38.2665991,-5.2250434
-38.2715002,-5.2358812
-38.2754323,-5.2379371
-38.2787672,-5.2423769
-38.2872159,-5.2462162
-38.2928809,-5.2539196
-38.3025178,-5.2610004
-38.3106816,-5.2617383
-38.3129952,-5.2652212
-38.3171058,-5.2657038
-38.3238477,-5.2747200
-38.3287488,-5.2779443
-38.3320774,-5.2827953
-38.3320485,-5.2864432
-38.3348026,-5.2922910
-38.3388517,-5.2971590
-38.3350482,-5.3055312
-38.3285461,-5.3105879
-38.3282480,-5.3140870
-38.3363397,-5.3216347
-38.3481055,-5.3283416
-38.3522702,-5.3285239
-38.3631158,-5.3494984
-38.3751552,-5.3560281
-38.3926587,-5.3558558
-38.3950722,-5.3649748
-38.3945225,-5.3690645
-38.3960197,-5.3706288
-38.4085325,-5.3709797
-38.4726665,-5.4170373
-38.5032706,-5.4373096
-38.5032706,-5.4373096
-38.5064181,-5.4386301
-38.5156408,-5.4424916
-38.5517490,-5.4140581
-38.6550942,-5.3242325
-38.7151882,-5.2743584
-38.6988655,-5.2449969
-38.7113512,-5.2531019
-38.7175970,-5.2538393
-38.7196136,-5.2519992
-38.7218246,-5.2436566
-38.7155843,-5.2355558
-38.7142668,-5.2229155
-38.7157821,-5.2198474
-38.7163530,-5.2099078
-38.7196996,-5.2024232
-38.7189058,-5.2008803
-38.7138107,-5.2027081
-38.7085188,-5.2013962
-38.7084505,-5.2111236
-38.7061973,-5.2196536
-38.7038300,-5.2230211
-38.6947602,-5.2263888
-38.6778646,-5.2281942
-38.6131066,-5.1505483
-38.6109325,-5.1440147
-38.6143229,-5.1418847
-38.6179094,-5.1321359
-38.6159115,-5.1248705
-38.6191016,-5.1155033
-38.6168545,-5.1118793
-38.6178338,-5.1035470
-38.6209663,-5.1018679
-38.6222198,-5.0941817
-38.6213851,-5.0911161
-38.6241023,-5.0890736
-38.6237715,-5.0856868
-38.6292180,-5.0846597
-38.6264638,-5.0817664
-38.6288043,-5.0790698
-38.6266881,-5.0706920
-38.6283030,-5.0688605
-38.6265449,-5.0662881
-38.5009570,-5.0859958
-38.4909262,-5.0865204
-38.4913218,-5.0769621
-38.4971021,-5.0708129
-38.4984132,-5.0551181
-38.4954106,-5.0528472
-38.4897716,-5.0392090
-38.4861617,-5.0299549
-38.4847727,-5.0255243
-38.4811835,-5.0209481
-38.4807158,-5.0146706
-38.4828006,-5.0064113
-38.4854336,-5.0052848
-38.4922697,-5.0087238
-38.5002745,-4.9917016
-38.5062655,-4.9825686
-38.4998132,-4.9791382
-38.4981237,-4.9661167
-38.5075045,-4.9605766
-38.5056315,-4.9574685
-38.4228834,-4.9313220
-38.4180497,-4.9358718
-38.4144671,-4.9468104
-38.4079804,-4.9446325
-38.4156239,-4.9268713
-38.4215848,-4.9036268
-38.4261571,-4.8945037
-38.4648797,-4.8816289
-38.4674386,-4.8821057
-38.4724606,-4.8802363
-38.4764422,-4.8819925
-38.4818559,-4.8794581
-38.4918865,-4.8798134
-38.5156136,-4.8908699
-38.5281194,-4.8840655
-38.5462456,-4.8832275
-38.5532486,-4.8812839
-38.5596868,-4.8771498
-38.6249040,-4.9010136
-38.6285911,-4.8998006
-38.6324021,-4.9068599
-38.6305241,-4.9086841
-38.6318349,-4.9113616
-38.6318348,-4.9113616
-38.6305241,-4.9086842
-38.6324021,-4.9068600
-38.6285911,-4.8998007
-38.6249040,-4.9010137
-38.5596868,-4.8771499
-38.5532486,-4.8812840
-38.5462456,-4.8832276
-38.5281194,-4.8840656
-38.5156136,-4.8908700
-38.4918864,-4.8798135
-38.4818559,-4.8794582
-38.4764422,-4.8819926
-38.4724606,-4.8802364
-38.4674386,-4.8821058
-38.4648797,-4.8816290
-38.4261571,-4.8945038
-38.4215849,-4.9036268
-38.4156240,-4.9268713
-38.4079804,-4.9446326
-38.4144670,-4.9468104
-38.4180497,-4.9358717
-38.4228833,-4.9313220
-38.5040806,-4.9564683
-38.5069030,-4.9592164
-38.4981238,-4.9661167
-38.4998132,-4.9791381
-38.5062656,-4.9825686
-38.5055011,-4.9842808
-38.5002746,-4.9917016
-38.4922698,-5.0087238
-38.4849097,-5.0053522
-38.4822164,-5.0070358
-38.4812727,-5.0102166
-38.4811836,-5.0209481
-38.4849972,-5.0259396
-38.4863060,-5.0307776
-38.4897717,-5.0392090
-38.4954106,-5.0528471
-38.4984133,-5.0551181
-38.4971022,-5.0708129
-38.4913219,-5.0769621
-38.4909263,-5.0865204
-38.5009570,-5.0859957
-38.6265449,-5.0662880
-38.6274647,-5.0598111
-38.6307472,-5.0591790
-38.6320515,-5.0555590
-38.6356580,-5.0530141
-38.6442475,-5.0530070
-38.6540836,-5.0494077
-38.6585257,-5.0462002
-38.6609974,-5.0474364
-38.6637584,-5.0463160
-38.6672592,-5.0469565
-38.6795347,-5.0578877
-38.6864252,-5.0567008
-38.6823733,-5.0511830
-38.6836516,-5.0485859
-38.6767189,-5.0282213
-38.6768698,-5.0180616
-38.6789693,-5.0152053
-38.6771419,-5.0102138
-38.6774671,-5.0047793
-38.6702847,-4.9983413
-38.6611199,-4.9968219
-38.6605105,-4.9905502
-38.6539594,-4.9824375
-38.6492931,-4.9818923
-38.6473504,-4.9798375
-38.6453015,-4.9652602
-38.6421505,-4.9615892
-38.6459734,-4.9585550
-38.6467537,-4.9541209
-38.6454769,-4.9510919
-38.6476456,-4.9426597
-38.6495370,-4.9402814
-38.6499825,-4.9384454
-38.6487116,-4.9379900
