-40.9189419,-4.4699645
-40.9189271,-4.4689220
-40.9189271,-4.4689220
-40.9188853,-4.4689194
-40.9164406,-4.4693192
-40.9164405,-4.4693192
-40.9164250,-4.4693217
-40.9150606,-4.4701448
-40.9150606,-4.4701448
-40.9150274,-4.4701648
-40.9150274,-4.4701648
-40.9150274,-4.4701648
-40.9150274,-4.4701648
-40.9150274,-4.4701648
-40.9150274,-4.4701648
-40.9150274,-4.4701648
-40.9150274,-4.4701648
-40.9150274,-4.4701648
-40.9150274,-4.4701648
-40.9131152,-4.4697630
-40.9096886,-4.4698276
-40.9069143,-4.4709023
-40.9069143,-4.4709023
-40.9069143,-4.4709023
-40.9069142,-4.4709023
-40.9069142,-4.4709023
-40.9069142,-4.4709023
-40.9069142,-4.4709023
-40.9069142,-4.4709023
-40.9069142,-4.4709023
-40.9043188,-4.4701598
-40.9008450,-4.4708388
-40.9008450,-4.4708388
-40.9008450,-4.4708388
-40.9008450,-4.4708388
-40.9008450,-4.4708388
-40.9008450,-4.4708388
-40.8961919,-4.4699228
-40.8961782,-4.4699201
-40.8939924,-4.4715049
-40.8939924,-4.4715050
-40.8939620,-4.4715270
-40.8939620,-4.4715270
-40.8939620,-4.4715270
-40.8939620,-4.4715270
-40.8939620,-4.4715270
-40.8939620,-4.4715270
-40.8939620,-4.4715270
-40.8939619,-4.4715270
-40.8939619,-4.4715270
-40.8939619,-4.4715270
-40.8939619,-4.4715270
-40.8939619,-4.4715270
-40.8916317,-4.4707175
-40.8916272,-4.4707160
-40.8904331,-4.4723334
-40.8895464,-4.4727868
-40.8895464,-4.4727868
-40.8894640,-4.4727363
-40.8893532,-4.4726685
-40.8893502,-4.4726666
-40.8893480,-4.4726653
-40.8893430,-4.4726622
-40.8893361,-4.4726580
-40.8893265,-4.4726521
-40.8893109,-4.4726426
-40.8892895,-4.4726295
-40.8892815,-4.4726245
-40.8892687,-4.4726167
-40.8892618,-4.4726124
-40.8892537,-4.4726075
-40.8892383,-4.4725981
-40.8892207,-4.4725873
-40.8892041,-4.4725771
-40.8891848,-4.4725653
-40.8891360,-4.4725354
-40.8891272,-4.4725300
-40.8891207,-4.4725260
-40.8891163,-4.4725233
-40.8891123,-4.4725209
-40.8891109,-4.4725200
-40.8891080,-4.4725183
-40.8890900,-4.4725072
-40.8890504,-4.4724830
-40.8890385,-4.4724757
-40.8890300,-4.4724705
-40.8890288,-4.4724697
-40.8890279,-4.4724692
-40.8890252,-4.4724675
-40.8890235,-4.4724665
-40.8890157,-4.4724617
-40.8890040,-4.4724545
-40.8889965,-4.4724499
-40.8889758,-4.4724373
-40.8889732,-4.4724357
-40.8889696,-4.4724335
-40.8889658,-4.4724311
-40.8888217,-4.4723429
-40.8886577,-4.4722424
-40.8886466,-4.4722356
-40.8886245,-4.4722220
-40.8885731,-4.4721905
-40.8885578,-4.4721812
-40.8885391,-4.4721697
-40.8885020,-4.4721470
-40.8884996,-4.4721455
-40.8884971,-4.4721440
-40.8884952,-4.4721428
-40.8884950,-4.4721427
-40.8884880,-4.4721366
-40.8884831,-4.4721324
-40.8884778,-4.4721278
-40.8884698,-4.4721209
-40.8884550,-4.4721082
-40.8884338,-4.4720899
-40.8884289,-4.4720857
-40.8884208,-4.4720787
-40.8884195,-4.4720776
-40.8884174,-4.4720757
-40.8884166,-4.4720750
-40.8884153,-4.4720739
-40.8884087,-4.4720682
-40.8883768,-4.4720407
-40.8882325,-4.4719163
-40.8882029,-4.4718909
-40.8881150,-4.4718150
-40.8881088,-4.4718097
-40.8875065,-4.4712904
-40.8875065,-4.4712904
-40.8871267,-4.4710724
-40.8870680,-4.4710480
-40.8870641,-4.4710464
-40.8870329,-4.4710335
-40.8870243,-4.4710298
-40.8870234,-4.4710295
-40.8870171,-4.4710269
-40.8870054,-4.4710220
-40.8870021,-4.4710206
-40.8867536,-4.4709174
-40.8861222,-4.4705601
-40.8860535,-4.4705328
-40.8859765,-4.4705022
-40.8857199,-4.4704002
-40.8856865,-4.4703869
-40.8856666,-4.4703790
-40.8855590,-4.4703363
-40.8853730,-4.4702624
-40.8853412,-4.4702497
-40.8853379,-4.4702484
-40.8853285,-4.4702447
-40.8853260,-4.4702437
-40.8853175,-4.4702403
-40.8853102,-4.4702374
-40.8853017,-4.4702340
-40.8852937,-4.4702308
-40.8852907,-4.4702297
-40.8852834,-4.4702267
-40.8852802,-4.4702255
-40.8852773,-4.4702243
-40.8852750,-4.4702234
-40.8852726,-4.4702224
-40.8852708,-4.4702217
-40.8852686,-4.4702209
-40.8852683,-4.4702207
-40.8852674,-4.4702204
-40.8852626,-4.4702182
-40.8852542,-4.4702145
-40.8852493,-4.4702123
-40.8852474,-4.4702115
-40.8852456,-4.4702107
-40.8852441,-4.4702100
-40.8852429,-4.4702095
-40.8852404,-4.4702084
-40.8852377,-4.4702072
-40.8852333,-4.4702052
-40.8852132,-4.4701963
-40.8850502,-4.4701238
-40.8848971,-4.4700558
-40.8848821,-4.4700492
-40.8848352,-4.4700283
-40.8847935,-4.4700098
-40.8837766,-4.4695580
-40.8837697,-4.4695550
-40.8837559,-4.4695488
-40.8837356,-4.4695398
-40.8837084,-4.4695287
-40.8836908,-4.4695216
-40.8834192,-4.4694114
-40.8834174,-4.4694106
-40.8826559,-4.4691015
-40.8826540,-4.4691008
-40.8826096,-4.4690827
-40.8825336,-4.4690519
-40.8825290,-4.4690500
-40.8825264,-4.4690490
-40.8825232,-4.4690477
-40.8825202,-4.4690465
-40.8825186,-4.4690458
-40.8825176,-4.4690454
-40.8825167,-4.4690450
-40.8823718,-4.4689878
-40.8811387,-4.4685009
-40.8811343,-4.4684991
-40.8811315,-4.4684980
-40.8811199,-4.4684934
-40.8811064,-4.4684881
-40.8805612,-4.4683363
-40.8805560,-4.4683349
-40.8805408,-4.4683307
-40.8805353,-4.4683291
-40.8805333,-4.4683286
-40.8780719,-4.4672635
-40.8780719,-4.4672635
-40.8780719,-4.4672635
-40.8780719,-4.4672635
-40.8780719,-4.4672635
-40.8761881,-4.4661853
-40.8746099,-4.4668030
-40.8746099,-4.4668030
-40.8746099,-4.4668030
-40.8746099,-4.4668030
-40.8746098,-4.4668030
-40.8746098,-4.4668030
-40.8746098,-4.4668030
-40.8746098,-4.4668030
-40.8746098,-4.4668030
-40.8746098,-4.4668030
-40.8746098,-4.4668030
-40.8746098,-4.4668030
-40.8722380,-4.4652527
-40.8704655,-4.4655153
-40.8704652,-4.4655153
-40.8679480,-4.4666307
-40.8679479,-4.4666308
-40.8679069,-4.4666489
-40.8679069,-4.4666489
-40.8679069,-4.4666489
-40.8679069,-4.4666489
-40.8679069,-4.4666489
-40.8666810,-4.4667677
-40.8666809,-4.4667677
-40.8666809,-4.4667677
-40.8666809,-4.4667677
-40.8666809,-4.4667677
-40.8666809,-4.4667677
-40.8666809,-4.4667677
-40.8666809,-4.4667677
-40.8666809,-4.4667677
-40.8666809,-4.4667677
-40.8659123,-4.4662157
-40.8659123,-4.4662157
-40.8659123,-4.4662157
-40.8659123,-4.4662157
-40.8659123,-4.4662157
-40.8659123,-4.4662157
-40.8647754,-4.4642438
-40.8647703,-4.4642350
-40.8616269,-4.4665823
-40.8616268,-4.4665823
-40.8616013,-4.4666014
-40.8616013,-4.4666014
-40.8616013,-4.4666014
-40.8616013,-4.4666014
-40.8616013,-4.4666014
-40.8616013,-4.4666014
-40.8616013,-4.4666014
-40.8616013,-4.4666014
-40.8616013,-4.4666014
-40.8603976,-4.4665381
-40.8603976,-4.4665381
-40.8603976,-4.4665381
-40.8603976,-4.4665381
-40.8603976,-4.4665381
-40.8603976,-4.4665381
-40.8603976,-4.4665381
-40.8603976,-4.4665381
-40.8591246,-4.4656672
-40.8566953,-4.4662504
-40.8566953,-4.4662504
-40.8566953,-4.4662504
-40.8566953,-4.4662504
-40.8566953,-4.4662504
-40.8532947,-4.4659276
-40.8532947,-4.4659276
-40.8532947,-4.4659276
-40.8532947,-4.4659276
-40.8532947,-4.4659276
-40.8532947,-4.4659276
-40.8532947,-4.4659276
-40.8532947,-4.4659276
-40.8532947,-4.4659276
-40.8532947,-4.4659276
-40.8520224,-4.4644803
-40.8428355,-4.4628509
-40.8428355,-4.4628509
-40.8428355,-4.4628509
-40.8428355,-4.4628509
-40.8428355,-4.4628509
-40.8382411,-4.4601763
-40.8337297,-4.4597397
-40.8337297,-4.4597397
-40.8337296,-4.4597397
-40.8312828,-4.4590529
-40.8254957,-4.4589438
-40.8254957,-4.4589438
-40.8254957,-4.4589438
-40.8254957,-4.4589438
-40.8254957,-4.4589438
-40.8254957,-4.4589438
-40.8254957,-4.4589438
-40.8254957,-4.4589438
-40.8254957,-4.4589438
-40.8254957,-4.4589437
-40.8254957,-4.4589437
-40.8254957,-4.4589437
-40.8254957,-4.4589437
-40.8254957,-4.4589437
-40.8254818,-4.4589153
-40.8237552,-4.4553800
-40.8203154,-4.4506499
-40.8185985,-4.4492691
-40.8161292,-4.4483317
-40.8161292,-4.4483317
-40.8161292,-4.4483317
-40.8161292,-4.4483317
-40.8139486,-4.4468249
-40.8139486,-4.4468249
-40.8139486,-4.4468249
-40.8139486,-4.4468249
-40.8117655,-4.4446113
-40.8117655,-4.4446113
-40.8117655,-4.4446113
-40.8117655,-4.4446113
-40.8117655,-4.4446113
-40.8117655,-4.4446113
-40.8115580,-4.4441342
-40.8115580,-4.4441342
-40.8115580,-4.4441342
-40.8114036,-4.4434872
-40.8114036,-4.4434871
-40.8112880,-4.4430028
-40.8111844,-4.4426826
-40.8111402,-4.4425457
-40.8103829,-4.4402036
-40.8103829,-4.4402036
-40.8103829,-4.4402036
-40.8103829,-4.4402036
-40.8100211,-4.4365659
-40.8095654,-4.4338944
-40.8080823,-4.4308390
-40.8061192,-4.4283322
-40.8061185,-4.4283314
-40.8031039,-4.4249592
-40.8031034,-4.4249586
-40.8015115,-4.4233686
-40.7989572,-4.4217809
-40.7988783,-4.4218100
-40.7939908,-4.4236103
-40.7939814,-4.4236167
-40.7939506,-4.4236379
-40.7830326,-4.4311232
-40.7745331,-4.4369499
-40.7745331,-4.4369499
-40.7338064,-4.4648553
-40.7338064,-4.4648553
-40.7166935,-4.4765763
-40.7072244,-4.4830610
-40.7072244,-4.4830610
-40.7072244,-4.4830610
-40.7072244,-4.4830611
-40.7072244,-4.4830611
-40.7072244,-4.4830611
-40.7072244,-4.4830611
-40.7072244,-4.4830611
-40.7072244,-4.4830611
-40.7072244,-4.4830611
-40.7072244,-4.4830611
-40.7050359,-4.4825925
-40.7050359,-4.4825925
-40.7050359,-4.4825925
-40.7050359,-4.4825925
-40.7050359,-4.4825925
-40.7050359,-4.4825925
-40.7050359,-4.4825925
-40.7050359,-4.4825924
-40.7034731,-4.4810781
-40.7034731,-4.4810781
-40.7034731,-4.4810781
-40.7034731,-4.4810781
-40.7034731,-4.4810781
-40.7022061,-4.4786186
-40.7022061,-4.4786186
-40.7022061,-4.4786186
-40.7022061,-4.4786186
-40.7022061,-4.4786186
-40.7022061,-4.4786186
-40.7022061,-4.4786186
-40.7022061,-4.4786186
-40.7022061,-4.4786186
-40.7022061,-4.4786186
-40.7022061,-4.4786186
-40.7022061,-4.4786186
-40.7022061,-4.4786186
-40.7022061,-4.4786186
-40.7022061,-4.4786186
-40.7022062,-4.4786186
-40.7035626,-4.4773823
-40.7034092,-4.4742565
-40.7008494,-4.4716281
-40.7008494,-4.4716281
-40.7008494,-4.4716281
-40.7008494,-4.4716281
-40.7008494,-4.4716281
-40.6994549,-4.4687006
-40.6983769,-4.4674837
-40.6983769,-4.4674837
-40.6983769,-4.4674837
-40.6983769,-4.4674837
-40.6983769,-4.4674837
-40.6983769,-4.4674837
-40.6983769,-4.4674837
-40.6969746,-4.4605515
-40.6969746,-4.4605515
-40.6969746,-4.4605515
-40.6967959,-4.4555962
-40.6963125,-4.4547765
-40.6963125,-4.4547765
-40.6963125,-4.4547765
-40.6963125,-4.4547765
-40.6953552,-4.4517371
-40.6937993,-4.4504811
-40.6937993,-4.4504811
-40.6937993,-4.4504811
-40.6937993,-4.4504811
-40.6937993,-4.4504811
-40.6915924,-4.4472753
-40.6884786,-4.4438862
-40.6845763,-4.4404965
-40.6845763,-4.4404965
-40.6845763,-4.4404965
-40.6845763,-4.4404965
-40.6845763,-4.4404965
-40.6827279,-4.4371950
-40.6801416,-4.4340356
-40.6801416,-4.4340356
-40.6801416,-4.4340356
-40.6801416,-4.4340356
-40.6801416,-4.4340356
-40.6801415,-4.4340356
-40.6796592,-4.4322685
-40.6796592,-4.4322685
-40.6796592,-4.4322685
-40.6796592,-4.4322685
-40.6796592,-4.4322685
-40.6796592,-4.4322684
-40.6796592,-4.4322684
-40.6796592,-4.4322684
-40.6796592,-4.4322684
-40.6816310,-4.4276110
-40.6811735,-4.4270059
-40.6790786,-4.4288255
-40.6768453,-4.4349737
-40.6768279,-4.4372093
-40.6774944,-4.4385596
-40.6774944,-4.4385596
-40.6774944,-4.4385596
-40.6774945,-4.4385596
-40.6774945,-4.4385596
-40.6774945,-4.4385596
-40.6774945,-4.4385596
-40.6774945,-4.4385596
-40.6774944,-4.4385596
-40.6774944,-4.4385596
-40.6774944,-4.4385596
-40.6774944,-4.4385596
-40.6774944,-4.4385596
-40.6774944,-4.4385596
-40.6774944,-4.4385596
-40.6774944,-4.4385596
-40.6774944,-4.4385596
-40.6730137,-4.4418263
-40.6708473,-4.4452287
-40.6682351,-4.4524010
-40.6682351,-4.4524010
-40.6682351,-4.4524011
-40.6682351,-4.4524011
-40.6642099,-4.4581375
-40.6620460,-4.4626096
-40.6620460,-4.4626096
-40.6620460,-4.4626096
-40.6620460,-4.4626096
-40.6620460,-4.4626096
-40.6620460,-4.4626096
-40.6620460,-4.4626096
-40.6620460,-4.4626096
-40.6620460,-4.4626097
-40.6620460,-4.4626097
-40.6620460,-4.4626097
-40.6620460,-4.4626097
-40.6620460,-4.4626097
-40.6595147,-4.4628502
-40.6574609,-4.4641223
-40.6573009,-4.4670403
-40.6573009,-4.4670403
-40.6573009,-4.4670403
-40.6573009,-4.4670403
-40.6564641,-4.4702986
-40.6562117,-4.4712812
-40.6562117,-4.4712812
-40.6562117,-4.4712812
-40.6562117,-4.4712812
-40.6562117,-4.4712812
-40.6562117,-4.4712812
-40.6562117,-4.4712812
-40.6562117,-4.4712812
-40.6562117,-4.4712812
-40.6533264,-4.4736137
-40.6518054,-4.4778538
-40.6518593,-4.4806453
-40.6518593,-4.4806453
-40.6518593,-4.4806453
-40.6518593,-4.4806453
-40.6518593,-4.4806453
-40.6515025,-4.4817150
-40.6515025,-4.4817150
-40.6515025,-4.4817150
-40.6515025,-4.4817150
-40.6515025,-4.4817150
-40.6515025,-4.4817150
-40.6515025,-4.4817150
-40.6515025,-4.4817150
-40.6486412,-4.4840037
-40.6468555,-4.4877793
-40.6465263,-4.4895477
-40.6470151,-4.4942471
-40.6470151,-4.4942471
-40.6470151,-4.4942471
-40.6470151,-4.4942471
-40.6470151,-4.4942471
-40.6470151,-4.4942471
-40.6447597,-4.5012793
-40.6445057,-4.5050064
-40.6445057,-4.5050064
-40.6445057,-4.5050065
-40.6445057,-4.5050065
-40.6445057,-4.5050065
-40.6425350,-4.5097886
-40.6425350,-4.5097886
-40.6425350,-4.5097886
-40.6425350,-4.5097886
-40.6425350,-4.5097886
-40.6425350,-4.5097886
-40.6391249,-4.5132187
-40.6380035,-4.5151216
-40.6372671,-4.5202990
-40.6372671,-4.5202990
-40.6372671,-4.5202990
-40.6372671,-4.5202990
-40.6363858,-4.5224193
-40.6363858,-4.5224193
-40.6363857,-4.5224193
-40.6363857,-4.5224193
-40.6354143,-4.5239093
-40.6354143,-4.5239093
-40.6354143,-4.5239093
-40.6354143,-4.5239093
-40.6354143,-4.5239093
-40.6354143,-4.5239093
-40.6262293,-4.5303829
-40.6251820,-4.5314919
-40.6244916,-4.5329401
-40.6244916,-4.5329401
-40.6233606,-4.5381788
-40.6233606,-4.5381788
-40.6233606,-4.5381788
-40.6233606,-4.5381788
-40.6233606,-4.5381788
-40.6233606,-4.5381788
-40.6233606,-4.5381788
-40.6233606,-4.5381788
-40.6233606,-4.5381788
-40.6233606,-4.5381788
-40.6233606,-4.5381788
-40.6233606,-4.5381788
-40.6233606,-4.5381788
-40.6213803,-4.5387638
-40.6204788,-4.5401738
-40.6204559,-4.5432162
-40.6204559,-4.5432162
-40.6204559,-4.5432162
-40.6204559,-4.5432162
-40.6204559,-4.5432162
-40.6200508,-4.5445366
-40.6200508,-4.5445366
-40.6200508,-4.5445366
-40.6200508,-4.5445366
-40.6200508,-4.5445366
-40.6200508,-4.5445366
-40.6154891,-4.5502589
-40.6154891,-4.5502589
-40.6154891,-4.5502589
-40.6143878,-4.5513096
-40.6143878,-4.5513096
-40.6143878,-4.5513096
-40.6143878,-4.5513096
-40.6143878,-4.5513096
-40.6116158,-4.5527244
-40.6090356,-4.5549658
-40.6090356,-4.5549658
-40.6090356,-4.5549658
-40.6090355,-4.5549658
-40.6090355,-4.5549658
-40.6090355,-4.5549658
-40.6029154,-4.5567979
-40.6029154,-4.5567979
-40.6029154,-4.5567979
-40.5974653,-4.5578478
-40.5950341,-4.5620198
-40.5950341,-4.5620198
-40.5950341,-4.5620198
-40.5950341,-4.5620198
-40.5950341,-4.5620198
-40.5950341,-4.5620198
-40.5950341,-4.5620198
-40.5950341,-4.5620198
-40.5941102,-4.5624520
-40.5941102,-4.5624520
-40.5941102,-4.5624520
-40.5941102,-4.5624520
-40.5941102,-4.5624520
-40.5941102,-4.5624520
-40.5938216,-4.5624599
-40.5938216,-4.5624599
-40.5938216,-4.5624599
-40.5938216,-4.5624599
-40.5938216,-4.5624599
-40.5938216,-4.5624599
-40.5918924,-4.5616255
-40.5918923,-4.5616255
-40.5918923,-4.5616255
-40.5918923,-4.5616255
-40.5918923,-4.5616255
-40.5918923,-4.5616255
-40.5886501,-4.5583453
-40.5886501,-4.5583453
-40.5886501,-4.5583453
-40.5886501,-4.5583453
-40.5886501,-4.5583453
-40.5886501,-4.5583453
-40.5886501,-4.5583453
-40.5886501,-4.5583453
-40.5886501,-4.5583453
-40.5886501,-4.5583453
-40.5886501,-4.5583453
-40.5886501,-4.5583453
-40.5886702,-4.5581837
-40.5882176,-4.5579079
-40.5865966,-4.5605150
-40.5874533,-4.5623493
-40.5874533,-4.5623493
-40.5874533,-4.5623494
-40.5874533,-4.5623494
-40.5874533,-4.5623494
-40.5874533,-4.5623494
-40.5874533,-4.5623494
-40.5874533,-4.5623494
-40.5874533,-4.5623494
-40.5870523,-4.5643466
-40.5877502,-4.5678622
-40.5877502,-4.5678622
-40.5877502,-4.5678622
-40.5877502,-4.5678622
-40.5877502,-4.5678622
-40.5874736,-4.5714252
-40.5879713,-4.5751766
-40.5879713,-4.5751766
-40.5879713,-4.5751766
-40.5879713,-4.5751766
-40.5879713,-4.5751766
-40.5879713,-4.5751766
-40.5879713,-4.5751766
-40.5879713,-4.5751766
-40.5876028,-4.5759798
-40.5876028,-4.5759798
-40.5876028,-4.5759798
-40.5876028,-4.5759798
-40.5876027,-4.5759798
-40.5876027,-4.5759798
-40.5876027,-4.5759798
-40.5876027,-4.5759798
-40.5876027,-4.5759798
-40.5876027,-4.5759798
-40.5845856,-4.5773333
-40.5837607,-4.5783403
-40.5846401,-4.5796847
-40.5846401,-4.5796847
-40.5846401,-4.5796847
-40.5846401,-4.5796847
-40.5846401,-4.5796847
-40.5851884,-4.5818542
-40.5851884,-4.5818542
-40.5851884,-4.5818542
-40.5851884,-4.5818542
-40.5851884,-4.5818542
-40.5851884,-4.5818542
-40.5849369,-4.5839492
-40.5866440,-4.5841828
-40.5866440,-4.5841828
-40.5866440,-4.5841828
-40.5866440,-4.5841828
-40.5866440,-4.5841828
-40.5866440,-4.5841828
-40.5866440,-4.5841829
-40.5866440,-4.5841829
-40.5866441,-4.5841829
-40.5866441,-4.5841829
-40.5866441,-4.5841829
-40.5866441,-4.5841829
-40.5866441,-4.5841829
-40.5866441,-4.5841829
-40.5866441,-4.5841829
-40.5866441,-4.5841829
-40.5866441,-4.5841829
-40.5866441,-4.5841829
-40.5866441,-4.5841829
-40.5866441,-4.5841829
-40.5860599,-4.5865588
-40.5874211,-4.5877369
-40.5874211,-4.5877369
-40.5874211,-4.5877369
-40.5874211,-4.5877369
-40.5874211,-4.5877369
-40.5874211,-4.5877369
-40.5879846,-4.5888679
-40.5879846,-4.5888679
-40.5879846,-4.5888679
-40.5879846,-4.5888679
-40.5879846,-4.5888679
-40.5879846,-4.5888679
-40.5879846,-4.5888679
-40.5879846,-4.5888679
-40.5879846,-4.5888679
-40.5873531,-4.5917395
-40.5873198,-4.5942998
-40.5874446,-4.5949368
-40.5884525,-4.5956842
-40.5884525,-4.5956842
-40.5884525,-4.5956842
-40.5884525,-4.5956842
-40.5884525,-4.5956842
-40.5884525,-4.5956842
-40.5884526,-4.5956842
-40.5884526,-4.5956842
-40.5884526,-4.5956842
-40.5884526,-4.5956842
-40.5884526,-4.5956842
-40.5884526,-4.5956842
-40.5884526,-4.5956842
-40.5884526,-4.5956842
-40.5884526,-4.5956842
-40.5881747,-4.5966924
-40.5882903,-4.5980520
-40.5898399,-4.5996034
-40.5898399,-4.5996034
-40.5898399,-4.5996034
-40.5898399,-4.5996034
-40.5898399,-4.5996034
-40.5898399,-4.5996034
-40.5898399,-4.5996034
-40.5898399,-4.5996034
-40.5898399,-4.5996034
-40.5900520,-4.6011039
-40.5914727,-4.6019020
-40.5914727,-4.6019020
-40.5914727,-4.6019020
-40.5914727,-4.6019020
-40.5914727,-4.6019020
-40.5914727,-4.6019020
-40.5914727,-4.6019020
-40.5923536,-4.6031630
-40.5923536,-4.6031630
-40.5923536,-4.6031630
-40.5923536,-4.6031630
-40.5936029,-4.6063790
-40.5967961,-4.6085232
-40.5967961,-4.6085232
-40.5967961,-4.6085232
-40.5967961,-4.6085232
-40.5967961,-4.6085232
-40.5967961,-4.6085232
-40.5967961,-4.6085232
-40.5967961,-4.6085232
-40.5967961,-4.6085232
-40.5967961,-4.6085232
-40.5967961,-4.6085232
-40.5967961,-4.6085232
-40.5967961,-4.6085232
-40.5967199,-4.6117141
-40.6012415,-4.6159482
-40.6012415,-4.6159482
-40.6012415,-4.6159482
-40.6012415,-4.6159482
-40.6012415,-4.6159482
-40.6012415,-4.6159482
-40.6012415,-4.6159482
-40.6024253,-4.6191420
-40.6055132,-4.6200026
-40.6055132,-4.6200026
-40.6055132,-4.6200026
-40.6055132,-4.6200026
-40.6055132,-4.6200026
-40.6055132,-4.6200026
-40.6055132,-4.6200026
-40.6055132,-4.6200026
-40.6071975,-4.6218631
-40.6120584,-4.6219243
-40.6120584,-4.6219243
-40.6120584,-4.6219243
-40.6120584,-4.6219243
-40.6120585,-4.6219243
-40.6120585,-4.6219243
-40.6120585,-4.6219243
-40.6154951,-4.6237361
-40.6189286,-4.6239639
-40.6189286,-4.6239639
-40.6189286,-4.6239639
-40.6189286,-4.6239639
-40.6189286,-4.6239639
-40.6189287,-4.6239639
-40.6189287,-4.6239639
-40.6189287,-4.6239639
-40.6210836,-4.6254880
-40.6227067,-4.6258357
-40.6240168,-4.6254803
-40.6264411,-4.6220118
-40.6264411,-4.6220118
-40.6264411,-4.6220118
-40.6264411,-4.6220117
-40.6264411,-4.6220117
-40.6264411,-4.6220117
-40.6264411,-4.6220117
-40.6264411,-4.6220117
-40.6264411,-4.6220117
-40.6264411,-4.6220117
-40.6264411,-4.6220117
-40.6264411,-4.6220117
-40.6264412,-4.6220117
-40.6264412,-4.6220117
-40.6264412,-4.6220117
-40.6264412,-4.6220117
-40.6264412,-4.6220117
-40.6264412,-4.6220117
-40.6264412,-4.6220117
-40.6264412,-4.6220117
-40.6264412,-4.6220118
-40.6264412,-4.6220118
-40.6264412,-4.6220118
-40.6264412,-4.6220118
-40.6266466,-4.6223932
-40.6266466,-4.6223933
-40.6615106,-4.6870533
-40.6708917,-4.7033178
-40.6708917,-4.7033178
-40.6709300,-4.7033845
-40.7322245,-4.7145142
-40.7325146,-4.7136361
-40.7325146,-4.7136361
-40.7325146,-4.7136361
-40.7325146,-4.7136361
-40.7325146,-4.7136361
-40.7348810,-4.7104641
-40.7348810,-4.7104641
-40.7348810,-4.7104641
-40.7348810,-4.7104641
-40.7348810,-4.7104641
-40.7372743,-4.7088384
-40.7372743,-4.7088384
-40.7372743,-4.7088384
-40.7372743,-4.7088384
-40.7372743,-4.7088384
-40.7372743,-4.7088384
-40.7372743,-4.7088384
-40.7372743,-4.7088384
-40.7395759,-4.7088811
-40.7395759,-4.7088811
-40.7395759,-4.7088811
-40.7395759,-4.7088811
-40.7395759,-4.7088811
-40.7395759,-4.7088811
-40.7395759,-4.7088811
-40.7395759,-4.7088811
-40.7395759,-4.7088811
-40.7395759,-4.7088811
-40.7395759,-4.7088811
-40.7395759,-4.7088811
-40.7395759,-4.7088811
-40.7395760,-4.7088811
-40.7395760,-4.7088811
-40.7401885,-4.7104032
-40.7413688,-4.7106198
-40.7456434,-4.7093276
-40.7456434,-4.7093276
-40.7469584,-4.7090172
-40.7469584,-4.7090172
-40.7469584,-4.7090172
-40.7469584,-4.7090172
-40.7480424,-4.7089986
-40.7480424,-4.7089986
-40.7480424,-4.7089986
-40.7480424,-4.7089986
-40.7480424,-4.7089986
-40.7480424,-4.7089986
-40.7480424,-4.7089986
-40.7527468,-4.7115075
-40.7547546,-4.7106066
-40.7547546,-4.7106066
-40.7547546,-4.7106066
-40.7547546,-4.7106066
-40.7547547,-4.7106066
-40.7547547,-4.7106066
-40.7577822,-4.7106399
-40.7588322,-4.7099942
-40.7595274,-4.7080215
-40.7595274,-4.7080215
-40.7595274,-4.7080215
-40.7595274,-4.7080215
-40.7595274,-4.7080215
-40.7595274,-4.7080215
-40.7595274,-4.7080215
-40.7595274,-4.7080215
-40.7595274,-4.7080215
-40.7595274,-4.7080215
-40.7624792,-4.7066006
-40.7624792,-4.7066006
-40.7624792,-4.7066006
-40.7624792,-4.7066006
-40.7624792,-4.7066006
-40.7624792,-4.7066006
-40.7624792,-4.7066006
-40.7624792,-4.7066006
-40.7624792,-4.7066006
-40.7648638,-4.7068738
-40.7648638,-4.7068738
-40.7648638,-4.7068738
-40.7648638,-4.7068738
-40.7648639,-4.7068738
-40.7676860,-4.7083030
-40.7689218,-4.7081682
-40.7702712,-4.7073818
-40.7702712,-4.7073818
-40.7702712,-4.7073818
-40.7702712,-4.7073818
-40.7702712,-4.7073818
-40.7702712,-4.7073818
-40.7702712,-4.7073818
-40.7702712,-4.7073818
-40.7702712,-4.7073818
-40.7714539,-4.7075235
-40.7714539,-4.7075235
-40.7714539,-4.7075235
-40.7714539,-4.7075235
-40.7714539,-4.7075235
-40.7714540,-4.7075235
-40.7726591,-4.7081881
-40.7726591,-4.7081881
-40.7726591,-4.7081881
-40.7726591,-4.7081881
-40.7726591,-4.7081881
-40.7726591,-4.7081881
-40.7740357,-4.7099219
-40.7769074,-4.7093390
-40.7769074,-4.7093390
-40.7769074,-4.7093390
-40.7769074,-4.7093390
-40.7769074,-4.7093390
-40.7769074,-4.7093390
-40.7769074,-4.7093390
-40.7769074,-4.7093390
-40.7769074,-4.7093390
-40.7769074,-4.7093390
-40.7769074,-4.7093390
-40.7779283,-4.7101614
-40.7779283,-4.7101614
-40.7779283,-4.7101614
-40.7779283,-4.7101614
-40.7779283,-4.7101614
-40.7779283,-4.7101614
-40.7779283,-4.7101614
-40.7783871,-4.7113874
-40.7803455,-4.7109902
-40.7798921,-4.7101449
-40.7798921,-4.7101449
-40.7798921,-4.7101449
-40.7798921,-4.7101449
-40.7798921,-4.7101449
-40.7798921,-4.7101449
-40.7797771,-4.7089005
-40.7797771,-4.7089005
-40.7797771,-4.7089005
-40.7797771,-4.7089005
-40.7797771,-4.7089005
-40.7797771,-4.7089005
-40.7797771,-4.7089005
-40.7797771,-4.7089005
-40.7797771,-4.7089005
-40.7797771,-4.7089005
-40.7797771,-4.7089005
-40.7797771,-4.7089005
-40.7797772,-4.7089005
-40.7797772,-4.7089005
-40.7797772,-4.7089005
-40.7797772,-4.7089005
-40.7797772,-4.7089005
-40.7815201,-4.7083196
-40.7815201,-4.7083196
-40.7815201,-4.7083196
-40.7815201,-4.7083196
-40.7815201,-4.7083196
-40.7815201,-4.7083196
-40.7815201,-4.7083196
-40.7815201,-4.7083196
-40.7815201,-4.7083196
-40.7815201,-4.7083196
-40.7815202,-4.7083196
-40.7815202,-4.7083196
-40.7815202,-4.7083196
-40.7832671,-4.7098761
-40.7832671,-4.7098761
-40.7832671,-4.7098761
-40.7832671,-4.7098761
-40.7832671,-4.7098761
-40.7845930,-4.7121411
-40.7855921,-4.7117984
-40.7866565,-4.7114339
-40.7866565,-4.7114339
-40.7866566,-4.7114339
-40.7866566,-4.7114339
-40.7866566,-4.7114339
-40.7866566,-4.7114339
-40.7866566,-4.7114339
-40.7866566,-4.7114339
-40.7866566,-4.7114339
-40.7866566,-4.7114339
-40.7887389,-4.7123809
-40.7894415,-4.7124582
-40.7923901,-4.7112467
-40.7947918,-4.7084735
-40.7947918,-4.7084735
-40.7947918,-4.7084735
-40.7947918,-4.7084734
-40.7947918,-4.7084734
-40.7947918,-4.7084734
-40.7947918,-4.7084734
-40.7947918,-4.7084734
-40.7947918,-4.7084734
-40.7947918,-4.7084734
-40.7947918,-4.7084734
-40.7947918,-4.7084734
-40.7947918,-4.7084734
-40.7967511,-4.7087387
-40.7999715,-4.7082062
-40.7999715,-4.7082062
-40.7999715,-4.7082062
-40.7999715,-4.7082062
-40.7999715,-4.7082062
-40.7999715,-4.7082062
-40.8025754,-4.7088015
-40.8050515,-4.7072163
-40.8060400,-4.7054072
-40.8060400,-4.7054072
-40.8060400,-4.7054072
-40.8060400,-4.7054072
-40.8060400,-4.7054072
-40.8060400,-4.7054072
-40.8060400,-4.7054071
-40.8060400,-4.7054071
-40.8060400,-4.7054071
-40.8060400,-4.7054071
-40.8060400,-4.7054071
-40.8060400,-4.7054071
-40.8082539,-4.7050868
-40.8082539,-4.7050868
-40.8082539,-4.7050868
-40.8082539,-4.7050868
-40.8082539,-4.7050868
-40.8086985,-4.7051725
-40.8086985,-4.7051725
-40.8086985,-4.7051725
-40.8086985,-4.7051725
-40.8086985,-4.7051725
-40.8086985,-4.7051725
-40.8086985,-4.7051725
-40.8086985,-4.7051725
-40.8086985,-4.7051725
-40.8086985,-4.7051725
-40.8086985,-4.7051725
-40.8095225,-4.7065861
-40.8125479,-4.7089831
-40.8142089,-4.7094772
-40.8142089,-4.7094772
-40.8185529,-4.7107682
-40.8185529,-4.7107682
-40.8185529,-4.7107682
-40.8185529,-4.7107682
-40.8185529,-4.7107682
-40.8185529,-4.7107682
-40.8185529,-4.7107682
-40.8218773,-4.7140810
-40.8245356,-4.7144659
-40.8245356,-4.7144659
-40.8245356,-4.7144659
-40.8245356,-4.7144659
-40.8245356,-4.7144659
-40.8245356,-4.7144659
-40.8245356,-4.7144659
-40.8245356,-4.7144659
-40.8245356,-4.7144659
-40.8245357,-4.7144659
-40.8263664,-4.7168269
-40.8280570,-4.7167189
-40.8280570,-4.7167189
-40.8280570,-4.7167189
-40.8280570,-4.7167189
-40.8280570,-4.7167189
-40.8280570,-4.7167189
-40.8280570,-4.7167189
-40.8292934,-4.7172634
-40.8307953,-4.7170251
-40.8307953,-4.7170251
-40.8307953,-4.7170251
-40.8307953,-4.7170251
-40.8307953,-4.7170251
-40.8307953,-4.7170251
-40.8307953,-4.7170251
-40.8307953,-4.7170251
-40.8335109,-4.7181406
-40.8368344,-4.7168899
-40.8368344,-4.7168899
-40.8368344,-4.7168899
-40.8368344,-4.7168899
-40.8368344,-4.7168899
-40.8368344,-4.7168899
-40.8368345,-4.7168899
-40.8368345,-4.7168899
-40.8448362,-4.7184476
-40.8503857,-4.7155361
-40.8503857,-4.7155361
-40.8503857,-4.7155361
-40.8503857,-4.7155361
-40.8503857,-4.7155361
-40.8503857,-4.7155361
-40.8503857,-4.7155361
-40.8551652,-4.7157441
-40.8574929,-4.7130066
-40.8574929,-4.7130066
-40.8574929,-4.7130066
-40.8574929,-4.7130066
-40.8574929,-4.7130066
-40.8574929,-4.7130066
-40.8574929,-4.7130066
-40.8590958,-4.7123478
-40.8590958,-4.7123478
-40.8590958,-4.7123478
-40.8590958,-4.7123478
-40.8590958,-4.7123478
-40.8590958,-4.7123478
-40.8590958,-4.7123478
-40.8590958,-4.7123478
-40.8590958,-4.7123478
-40.8590958,-4.7123478
-40.8590958,-4.7123478
-40.8590958,-4.7123478
-40.8638468,-4.7155507
-40.8666933,-4.7154313
-40.8695359,-4.7141494
-40.8695360,-4.7141494
-40.8695360,-4.7141494
-40.8695360,-4.7141494
-40.8695360,-4.7141494
-40.8726759,-4.7137224
-40.8724869,-4.7108247
-40.8720169,-4.7100414
-40.8694620,-4.7086715
-40.8694620,-4.7086715
-40.8694620,-4.7086715
-40.8694620,-4.7086715
-40.8672027,-4.7066479
-40.8672027,-4.7066479
-40.8672027,-4.7066479
-40.8720169,-4.7100413
-40.8726760,-4.7137225
-40.8716048,-4.7255655
-40.8673867,-4.7283811
-40.8662448,-4.7321241
-40.8722144,-4.7375947
-40.8744146,-4.7443813
-40.8764375,-4.7465472
-40.8784095,-4.7483588
-40.8826292,-4.7532141
-40.8824538,-4.7591848
-40.8790910,-4.7707273
-40.8799955,-4.7732807
-40.8834166,-4.7756801
-40.8827481,-4.7863548
-40.8827081,-4.7877841
-40.8792328,-4.7874363
-40.8826755,-4.7936958
-40.8805155,-4.7999978
-40.8826939,-4.8003656
-40.8862724,-4.7974870
-40.8791527,-4.8143774
-40.8779994,-4.8143813
-40.8778839,-4.8188697
-40.8794947,-4.8225435
-40.8778987,-4.8237941
-40.8800922,-4.8299407
-40.8763834,-4.8320725
-40.8814089,-4.8434648
-40.8786667,-4.8471509
-40.8792511,-4.8502652
-40.8759273,-4.8520206
-40.8756781,-4.8545145
-40.8806877,-4.8597999
-40.8721151,-4.8631900
-40.8794295,-4.8682813
-40.8854416,-4.8655204
-40.8945556,-4.8681578
-40.9001057,-4.8729206
-40.9096397,-4.8748875
-40.9192851,-4.8837411
-40.9269905,-4.8862562
-40.9418748,-4.8828635
-40.9471309,-4.8871323
-40.9508730,-4.8875057
-40.9514820,-4.8902811
-40.9563917,-4.8930942
-40.9609017,-4.8932556
-40.9672673,-4.8984707
-40.9696460,-4.9026907
-40.9722350,-4.9010435
-40.9775320,-4.9055712
-40.9788594,-4.9089082
-40.9858903,-4.9110690
-40.9874059,-4.9144211
-40.9921986,-4.9155360
-40.9925018,-4.9180839
-40.9945262,-4.9180863
-40.9974752,-4.9217789
-40.9977318,-4.9249494
-41.0000346,-4.9250197
-41.0001106,-4.9284742
-41.0038192,-4.9280414
-41.0065697,-4.9310532
-41.0037673,-4.9342695
-41.0091929,-4.9366701
-41.0083005,-4.9396998
-41.0200245,-4.9497916
-41.0222680,-4.9548982
-41.0246121,-4.9540700
-41.0300113,-4.9603024
-41.0331219,-4.9608391
-41.0340167,-4.9651502
-41.0362286,-4.9655259
-41.0346704,-4.9679716
-41.0382657,-4.9748384
-41.0381113,-4.9774777
-41.0405457,-4.9792742
-41.0412071,-4.9856413
-41.0434604,-4.9881558
-41.0437356,-4.9984966
-41.0510471,-5.0121290
-41.0526413,-5.0177286
-41.0518243,-5.0240725
-41.1039122,-5.0239198
-41.1039132,-5.0239198
-41.1211841,-5.0238691
-41.1201862,-5.0210955
-41.1220123,-5.0182193
-41.1213561,-5.0127211
-41.1225996,-5.0080684
-41.1320077,-5.0024711
-41.1354668,-4.9978181
-41.1367644,-4.9954653
-41.1375224,-4.9849676
-41.1408632,-4.9848178
-41.1464703,-4.9921984
-41.1509220,-4.9921105
-41.1645106,-4.9731001
-41.1671810,-4.9661732
-41.1752333,-4.9585670
-41.1802162,-4.9475449
-41.1890100,-4.9406188
-41.1934800,-4.9396608
-41.1970401,-4.9370364
-41.1985524,-4.9374549
-41.1986397,-4.9412546
-41.2019860,-4.9490375
-41.2037911,-4.9497493
-41.2096114,-4.9459602
-41.2089323,-4.9413381
-41.2105879,-4.9386158
-41.2204424,-4.9389661
-41.2224027,-4.9361956
-41.2229499,-4.9265085
-41.2349280,-4.9057443
-41.2346854,-4.9016835
-41.2281032,-4.8909878
-41.2406954,-4.8803695
-41.2496856,-4.8685625
-41.2418968,-4.8602103
-41.2394453,-4.8545385
-41.2406670,-4.8384194
-41.2431816,-4.8283263
-41.2418184,-4.8221417
-41.2328333,-4.8157381
-41.2324656,-4.8045361
-41.2254302,-4.7978194
-41.2230715,-4.7894665
-41.2099759,-4.7833468
-41.2080818,-4.7802775
-41.2080154,-4.7767684
-41.2127659,-4.7720250
-41.2339203,-4.7687721
-41.2480092,-4.7615509
-41.2504422,-4.7589656
-41.2503381,-4.7566274
-41.2437248,-4.7507658
-41.2352339,-4.7465289
-41.2342295,-4.7442117
-41.2366502,-4.7387516
-41.2340841,-4.7337410
-41.2259548,-4.7265406
-41.2238319,-4.7209125
-41.2179498,-4.7175547
-41.2146180,-4.7127436
-41.2024924,-4.7018950
-41.1935743,-4.6890000
-41.1879494,-4.6840153
-41.1817163,-4.6738033
-41.1753660,-4.6708028
-41.1739060,-4.6685444
-41.1750099,-4.6653356
-41.1794640,-4.6653823
-41.1855999,-4.6619673
-41.2028161,-4.6381951
-41.2173385,-4.6289155
-41.2256583,-4.6210983
-41.2293307,-4.6200950
-41.2334115,-4.6087652
-41.2310665,-4.6035726
-41.2310665,-4.6035726
-41.2230407,-4.5897920
-41.2212151,-4.5789362
-41.2172174,-4.5837532
-41.1957113,-4.5816794
-41.1874271,-4.5822378
-41.1878476,-4.5884334
-41.1840720,-4.5922506
-41.1591738,-4.5940697
-41.1520063,-4.5959535
-41.1271976,-4.6012942
-41.1178522,-4.6025355
-41.1015698,-4.6022593
-41.0873988,-4.6134551
-41.0745274,-4.6161929
-41.0519188,-4.6294468
-41.0352213,-4.6352945
-41.0304200,-4.6402272
-40.9549124,-4.7162785
-40.8885146,-4.7170256
-40.8871678,-4.7142808
-40.8746784,-4.7019396
-40.8733840,-4.6986637
-40.8716318,-4.6865088
-40.8574403,-4.6733346
-40.8531002,-4.6859940
-40.8631827,-4.6910435
-40.8667430,-4.7052733
-40.8667430,-4.7052733
-40.8667430,-4.7052733
-40.8667430,-4.7052733
-40.8667430,-4.7052733
-40.8667430,-4.7052733
-40.8667430,-4.7052733
-40.8667430,-4.7052733
-40.8679016,-4.7011947
-40.8660168,-4.6961675
-40.8640402,-4.6938257
-40.8640402,-4.6938257
-40.8640402,-4.6938257
-40.8640402,-4.6938257
-40.8640402,-4.6938257
-40.8640402,-4.6938257
-40.8631827,-4.6910436
-40.8621516,-4.6897547
-40.8611273,-4.6891975
-40.8549296,-4.6874447
-40.8549296,-4.6874447
-40.8549296,-4.6874447
-40.8549296,-4.6874447
-40.8549296,-4.6874447
-40.8549296,-4.6874447
-40.8531002,-4.6859941
-40.8531002,-4.6859941
-40.8531002,-4.6859941
-40.8531002,-4.6859941
-40.8531001,-4.6859941
-40.8531001,-4.6859941
-40.8531001,-4.6859941
-40.8531001,-4.6859940
-40.8531001,-4.6859940
-40.8527879,-4.6848250
-40.8527879,-4.6848250
-40.8527879,-4.6848250
-40.8527879,-4.6848250
-40.8527879,-4.6848250
-40.8527879,-4.6848250
-40.8527879,-4.6848250
-40.8527879,-4.6848250
-40.8527879,-4.6848250
-40.8544673,-4.6806521
-40.8535930,-4.6766096
-40.8475691,-4.6753961
-40.8475691,-4.6753961
-40.8475691,-4.6753961
-40.8475691,-4.6753961
-40.8444612,-4.6738588
-40.8444612,-4.6738588
-40.8444612,-4.6738588
-40.8444612,-4.6738588
-40.8444612,-4.6738588
-40.8444612,-4.6738588
-40.8444612,-4.6738588
-40.8444612,-4.6738588
-40.8444612,-4.6738588
-40.8444612,-4.6738588
-40.8444612,-4.6738588
-40.8444611,-4.6738588
-40.8444611,-4.6738587
-40.8444611,-4.6738587
-40.8444611,-4.6738587
-40.8444611,-4.6738587
-40.8444612,-4.6738587
-40.8476238,-4.6724184
-40.8476238,-4.6724184
-40.8476238,-4.6724184
-40.8476238,-4.6724184
-40.8542412,-4.6725667
-40.8542412,-4.6725667
-40.8542412,-4.6725667
-40.8574404,-4.6733346
-40.8574404,-4.6733346
-40.8574404,-4.6733346
-40.8574404,-4.6733346
-40.8574404,-4.6733346
-40.8574404,-4.6733346
-40.8574404,-4.6733346
-40.8574404,-4.6733346
-40.8574404,-4.6733346
-40.8574404,-4.6733346
-40.8574404,-4.6733346
-40.8630546,-4.6812772
-40.8692369,-4.6842193
-40.8692369,-4.6842193
-40.8692369,-4.6842193
-40.8692369,-4.6842193
-40.8692369,-4.6842193
-40.8713769,-4.6862653
-40.8713769,-4.6862653
-40.8716319,-4.6865088
-40.8716319,-4.6865088
-40.8716319,-4.6865088
-40.8737396,-4.6893553
-40.8737396,-4.6893553
-40.8737396,-4.6893553
-40.8737396,-4.6893553
-40.8753654,-4.6943568
-40.8753654,-4.6943568
-40.8753654,-4.6943568
-40.8753654,-4.6943568
-40.8753654,-4.6943568
-40.8733841,-4.6986637
-40.8735508,-4.6998971
-40.8746785,-4.7019396
-40.8760615,-4.7042979
-40.8772583,-4.7050717
-40.8772583,-4.7050717
-40.8772584,-4.7050717
-40.8772584,-4.7050717
-40.8772584,-4.7050717
-40.8802542,-4.7085173
-40.8802542,-4.7085173
-40.8802542,-4.7085173
-40.8802542,-4.7085173
-40.8871679,-4.7142808
-40.8871679,-4.7142808
-40.8871679,-4.7142808
-40.8871679,-4.7142808
-40.8871679,-4.7142808
-40.8871679,-4.7142808
-40.8871679,-4.7142808
-40.8871679,-4.7142808
-40.8885146,-4.7170255
-40.9549124,-4.7162784
-40.9564557,-4.7111959
-40.9564557,-4.7111959
-40.9564557,-4.7111959
-40.9578253,-4.7082349
-40.9590265,-4.7037039
-40.9632689,-4.6877003
-40.9632689,-4.6877003
-40.9632689,-4.6877003
-40.9632689,-4.6877003
-40.9632689,-4.6877003
-40.9632689,-4.6877003
-40.9632689,-4.6877003
-40.9632689,-4.6877003
-40.9664885,-4.6906445
-40.9713551,-4.6916262
-40.9753812,-4.6870337
-40.9800585,-4.6782292
-40.9800585,-4.6782292
-40.9800585,-4.6782292
-40.9800585,-4.6782292
-40.9800585,-4.6782292
-40.9800585,-4.6782292
-40.9800585,-4.6782292
-40.9800585,-4.6782292
-40.9800585,-4.6782292
-40.9805223,-4.6769089
-40.9805223,-4.6769089
-40.9870404,-4.6606683
-40.9878627,-4.6600334
-40.9878627,-4.6600334
-40.9878627,-4.6600334
-40.9878627,-4.6600334
-40.9878627,-4.6600334
-40.9878627,-4.6600334
-40.9878627,-4.6600334
-40.9878627,-4.6600334
-40.9878627,-4.6600333
-40.9878627,-4.6600333
-40.9878627,-4.6600334
-40.9878627,-4.6600334
-40.9878627,-4.6600334
-40.9884874,-4.6602236
-40.9887162,-4.6586407
-40.9887162,-4.6586407
-40.9887162,-4.6586407
-40.9887162,-4.6586407
-40.9887162,-4.6586407
-40.9887162,-4.6586407
-40.9887162,-4.6586407
-40.9887162,-4.6586407
-40.9887162,-4.6586406
-40.9894163,-4.6579355
-40.9894163,-4.6579355
-40.9894163,-4.6579355
-40.9894163,-4.6579355
-40.9894163,-4.6579355
-40.9894163,-4.6579355
-40.9894163,-4.6579355
-41.0004591,-4.6542029
-41.0004591,-4.6542029
-41.0004591,-4.6542029
-41.0004591,-4.6542029
-41.0004591,-4.6542029
-41.0004591,-4.6542029
-41.0051385,-4.6528939
-41.0193690,-4.6417602
-41.0193677,-4.6409119
-41.0193677,-4.6409119
-41.0193677,-4.6409119
-41.0193677,-4.6409119
-41.0193677,-4.6409119
-41.0193677,-4.6409118
-41.0193677,-4.6409118
-41.0193677,-4.6409118
-41.0193677,-4.6409118
-41.0193677,-4.6409118
-41.0193677,-4.6409118
-41.0193677,-4.6409118
-41.0232111,-4.6386403
-41.0232111,-4.6386403
-41.0232111,-4.6386403
-41.0232111,-4.6386403
-41.0232111,-4.6386403
-41.0232111,-4.6386403
-41.0232111,-4.6386403
-41.0232112,-4.6386403
-41.0304199,-4.6402272
-41.0320249,-4.6393274
-41.0335765,-4.6364943
-41.0335765,-4.6364943
-41.0335765,-4.6364943
-41.0335765,-4.6364943
-41.0335765,-4.6364943
-41.0335765,-4.6364943
-41.0352212,-4.6352944
-41.0352212,-4.6352944
-41.0352213,-4.6352944
-41.0352213,-4.6352944
-41.0352213,-4.6352944
-41.0352213,-4.6352944
-41.0352213,-4.6352944
-41.0390338,-4.6346350
-41.0459604,-4.6324289
-41.0484534,-4.6303956
-41.0484534,-4.6303956
-41.0484534,-4.6303956
-41.0484534,-4.6303956
-41.0500642,-4.6296615
-41.0500642,-4.6296615
-41.0500642,-4.6296615
-41.0500642,-4.6296615
-41.0500642,-4.6296615
-41.0519188,-4.6294467
-41.0546512,-4.6278674
-41.0556938,-4.6256362
-41.0556938,-4.6256362
-41.0556938,-4.6256362
-41.0556938,-4.6256362
-41.0556939,-4.6256362
-41.0556939,-4.6256362
-41.0556939,-4.6256362
-41.0721894,-4.6162809
-41.0745274,-4.6161928
-41.0786369,-4.6156934
-41.0816945,-4.6143100
-41.0816945,-4.6143100
-41.0816945,-4.6143100
-41.0816946,-4.6143100
-41.0816946,-4.6143100
-41.0873988,-4.6134550
-41.0873988,-4.6134550
-41.0873988,-4.6134550
-41.0969834,-4.6050282
-41.0994750,-4.6027550
-41.0994750,-4.6027550
-41.1015698,-4.6022592
-41.1035064,-4.6030671
-41.1063267,-4.6027738
-41.1094663,-4.6016305
-41.1146025,-4.6017626
-41.1178522,-4.6025354
-41.1197033,-4.6022064
-41.1216365,-4.6012305
-41.1216365,-4.6012305
-41.1271975,-4.6012942
-41.1289671,-4.5997507
-41.1289671,-4.5997507
-41.1399281,-4.5999183
-41.1520062,-4.5959535
-41.1582272,-4.5941774
-41.1591737,-4.5940696
-41.1614245,-4.5920790
-41.1640642,-4.5853466
-41.1674472,-4.5851341
-41.1674472,-4.5851341
-41.1676290,-4.5852656
-41.1676479,-4.5852793
-41.1676798,-4.5853024
-41.1683894,-4.5858157
-41.1684106,-4.5858311
-41.1684355,-4.5858491
-41.1697897,-4.5868287
-41.1759219,-4.5888349
-41.1794320,-4.5910602
-41.1797982,-4.5912923
-41.1821354,-4.5912865
-41.1840720,-4.5922505
-41.1847164,-4.5920068
-41.1851135,-4.5903849
-41.1878475,-4.5884333
-41.1873623,-4.5879775
-41.1868771,-4.5875216
-41.1868771,-4.5875216
-41.1866355,-4.5867762
-41.1871135,-4.5853171
-41.1871135,-4.5853171
-41.1874270,-4.5822378
-41.1874269,-4.5822375
-41.1868591,-4.5813490
-41.1834636,-4.5774725
-41.1879401,-4.5781445
-41.1891327,-4.5777868
-41.1891327,-4.5777868
-41.1891335,-4.5777869
-41.1912780,-4.5780802
-41.1957113,-4.5816793
-41.1982354,-4.5812081
-41.1982355,-4.5812081
-41.1992406,-4.5814516
-41.2003054,-4.5838210
-41.2147931,-4.5846738
-41.2172173,-4.5837532
-41.2182685,-4.5817088
-41.2176911,-4.5779815
-41.2218654,-4.5741046
-41.2218654,-4.5741046
-41.2226403,-4.5744039
-41.2226483,-4.5744070
-41.2226622,-4.5744124
-41.2226845,-4.5744210
-41.2240057,-4.5749315
-41.2240058,-4.5749315
-41.2256081,-4.5750657
-41.2273872,-4.5737380
-41.2273965,-4.5737359
-41.2283275,-4.5735216
-41.2291300,-4.5733368
-41.2316204,-4.5735597
-41.2316205,-4.5735597
-41.2340793,-4.5729976
-41.2340793,-4.5729976
-41.2340794,-4.5729976
-41.2340912,-4.5729987
-41.2362151,-4.5732052
-41.2413141,-4.5725462
-41.2425396,-4.5715137
-41.2422604,-4.5699467
-41.2419086,-4.5693590
-41.2407397,-4.5684535
-41.2406983,-4.5684721
-41.2378865,-4.5697357
-41.2378838,-4.5697362
-41.2354200,-4.5702162
-41.2316898,-4.5690949
-41.2264129,-4.5689811
-41.2220798,-4.5676588
-41.2215303,-4.5674913
-41.2156310,-4.5586901
-41.2147685,-4.5552758
-41.2146029,-4.5536536
-41.2141121,-4.5526770
-41.2120250,-4.5500975
-41.2084437,-4.5488211
-41.2079314,-4.5477383
-41.2076008,-4.5466728
-41.2074549,-4.5436496
-41.2067039,-4.5420526
-41.2062315,-4.5370762
-41.2037906,-4.5284214
-41.2022308,-4.5267955
-41.1984523,-4.5247996
-41.1960308,-4.5216614
-41.1937051,-4.5203753
-41.1907760,-4.5155290
-41.1890655,-4.5076869
-41.1883365,-4.5001811
-41.1882996,-4.4991649
-41.1894209,-4.4908791
-41.1893473,-4.4886807
-41.1879189,-4.4861379
-41.1840704,-4.4814775
-41.1810274,-4.4765689
-41.1781115,-4.4697735
-41.1775767,-4.4676967
-41.1670309,-4.4673578
-41.1621998,-4.4666903
-41.1580760,-4.4673036
-41.1544455,-4.4691128
-41.1520051,-4.4698298
-41.1461978,-4.4701459
-41.1423509,-4.4719592
-41.1337421,-4.4791577
-41.1294066,-4.4810788
-41.1260469,-4.4834082
-41.1228977,-4.4829263
-41.1228976,-4.4829263
-41.1214532,-4.4802293
-41.1202802,-4.4789503
-41.1174591,-4.4787696
-41.1078020,-4.4797768
-41.1049790,-4.4797035
-41.1006305,-4.4776439
-41.0960715,-4.4773856
-41.0948238,-4.4777152
-41.0948238,-4.4777152
-41.0932457,-4.4766560
-41.0907498,-4.4769359
-41.0820073,-4.4746702
-41.0776099,-4.4745442
-41.0743557,-4.4751541
-41.0630947,-4.4741778
-41.0630943,-4.4741776
-41.0484851,-4.4668352
-41.0436502,-4.4653779
-41.0390849,-4.4631518
-41.0333471,-4.4610856
-41.0311730,-4.4599458
-41.0277994,-4.4569000
-41.0277993,-4.4569000
-41.0057532,-4.4595319
-41.0057520,-4.4595320
-41.0057452,-4.4595328
-41.0056924,-4.4595391
-41.0056489,-4.4595443
-41.0054794,-4.4595645
-41.0052226,-4.4595952
-41.0046603,-4.4596622
-41.0031178,-4.4598462
-41.0029241,-4.4598693
-41.0003930,-4.4601713
-40.9827679,-4.4622737
-40.9211662,-4.4696219
-40.9196667,-4.4689683
-40.9189276,-4.4689221
-40.9189271,-4.4689220
-40.9189419,-4.4699645
