-40.3012315,-6.2063340
-40.2904404,-6.2048092
-40.2873149,-6.1925458
-40.2781337,-6.1811555
-40.2708074,-6.1763642
-40.2651839,-6.1683356
-40.2606432,-6.1671295
-40.2603956,-6.1571966
-40.2553496,-6.1484005
-40.2496961,-6.1470649
-40.2327437,-6.1331267
-40.2261456,-6.1318408
-40.2208135,-6.1356721
-40.2207848,-6.1424584
-40.2149453,-6.1395039
-40.2125740,-6.1359795
-40.2124339,-6.1357720
-40.2118503,-6.1349028
-40.2052854,-6.1337300
-40.2039045,-6.1380017
-40.1985805,-6.1451612
-40.1972321,-6.1451616
-40.1923460,-6.1428648
-40.1836739,-6.1422270
-40.1801735,-6.1406174
-40.1713182,-6.1345693
-40.1636394,-6.1316656
-40.1619313,-6.1300483
-40.1617495,-6.1263017
-40.1591014,-6.1237256
-40.1582257,-6.1182826
-40.1515383,-6.1176229
-40.1489285,-6.1140327
-40.1469076,-6.1134538
-40.1420324,-6.1140577
-40.1411457,-6.1141673
-40.1386076,-6.1138751
-40.1346520,-6.1104667
-40.1257198,-6.1100811
-40.1244262,-6.1112994
-40.1251461,-6.1137222
-40.1238010,-6.1143564
-40.1162123,-6.1115398
-40.1118178,-6.1130783
-40.1082799,-6.1168142
-40.0959362,-6.1139176
-40.0869516,-6.1091730
-40.0865108,-6.1134881
-40.0843142,-6.1144365
-40.0731287,-6.1083017
-40.0696350,-6.1114545
-40.0664483,-6.1108778
-40.0457819,-6.0975239
-40.0418019,-6.1045854
-40.0315079,-6.0988972
-40.0176893,-6.0959591
-40.0158613,-6.1022112
-40.0129904,-6.1030234
-40.0036164,-6.1047941
-39.9999721,-6.1047118
-39.9992054,-6.1020614
-39.9957962,-6.1032367
-39.9899152,-6.1013137
-39.9874044,-6.1027567
-39.9865877,-6.1027818
-39.9842641,-6.1028539
-39.9747014,-6.1002185
-39.9698222,-6.1023340
-39.9639806,-6.1027097
-39.9629436,-6.0999685
-39.9570347,-6.0996450
-39.9532862,-6.0997767
-39.9476726,-6.1046996
-39.9422788,-6.1044091
-39.9357681,-6.0969792
-39.9282021,-6.0929057
-39.9260374,-6.0931231
-39.9181626,-6.0825461
-39.9114910,-6.0802187
-39.9093737,-6.0832825
-39.9052556,-6.0854605
-39.9044634,-6.0926507
-39.8991533,-6.0926151
-39.8898991,-6.0984608
-39.8894218,-6.1035818
-39.8939819,-6.1115014
-39.8938666,-6.1136867
-39.8760818,-6.1204779
-39.8680474,-6.1202814
-39.8679061,-6.1254817
-39.8633148,-6.1268700
-39.8591771,-6.1256675
-39.8527335,-6.1180875
-39.8530047,-6.1149839
-39.8517182,-6.1142943
-39.8400768,-6.1313914
-39.8377800,-6.1317389
-39.8334721,-6.1383020
-39.8316347,-6.1381328
-39.8285039,-6.1334779
-39.8295081,-6.1296832
-39.8282715,-6.1279783
-39.8241124,-6.1273738
-39.8197798,-6.1295204
-39.8149490,-6.1350583
-39.8025993,-6.1374863
-39.8022593,-6.1393990
-39.8078440,-6.1431706
-39.8026149,-6.1480085
-39.7996746,-6.1480143
-39.7999561,-6.1507725
-39.7977522,-6.1521543
-39.7995909,-6.1528442
-39.7994095,-6.1545678
-39.7941771,-6.1575084
-39.7961996,-6.1588860
-39.7985116,-6.1685413
-39.7940247,-6.1787264
-39.7974309,-6.1826908
-39.8006786,-6.1946635
-39.8000714,-6.1960486
-39.7945747,-6.1964517
-39.7990733,-6.2095946
-39.7879203,-6.2063760
-39.7831956,-6.2076652
-39.7792272,-6.2052964
-39.7733628,-6.2062495
-39.7705273,-6.2048266
-39.7634770,-6.2100648
-39.7619736,-6.2128085
-39.7633911,-6.2260715
-39.7605299,-6.2314388
-39.7596155,-6.2385157
-39.7560064,-6.2405001
-39.7542294,-6.2397075
-39.7527656,-6.2306272
-39.7509077,-6.2273849
-39.7481516,-6.2285975
-39.7360136,-6.2227482
-39.7339932,-6.2248206
-39.7326065,-6.2179247
-39.7344412,-6.2161957
-39.7349882,-6.2118820
-39.7314052,-6.2130932
-39.7269891,-6.2098230
-39.7178023,-6.2112146
-39.7171638,-6.2162188
-39.7192965,-6.2293262
-39.7222455,-6.2350170
-39.7340645,-6.2425899
-39.7349706,-6.2539620
-39.7330889,-6.2598893
-39.7298694,-6.2625432
-39.7306630,-6.2664603
-39.7281087,-6.2701285
-39.7286900,-6.2744577
-39.7265980,-6.2744603
-39.7253278,-6.2691205
-39.7226388,-6.2689757
-39.7220867,-6.2709188
-39.7190382,-6.2719974
-39.7100404,-6.3509903
-39.7147272,-6.3537017
-39.7145096,-6.3592460
-39.7200253,-6.3598492
-39.7240863,-6.3659058
-39.7275644,-6.3672987
-39.7280577,-6.3713196
-39.7342567,-6.3711376
-39.7347280,-6.3736003
-39.7397242,-6.3750595
-39.7409169,-6.3818217
-39.7436661,-6.3862308
-39.7486149,-6.3871299
-39.7510840,-6.3890638
-39.7585029,-6.3998036
-39.7671481,-6.4023794
-39.7751454,-6.4092922
-39.7766999,-6.4128098
-39.7755296,-6.4206075
-39.7761121,-6.4300156
-39.7670530,-6.4423843
-39.7723654,-6.4584505
-39.7742800,-6.4607318
-39.7707002,-6.4636285
-39.7686178,-6.4687495
-39.7632838,-6.4708357
-39.7602758,-6.4748842
-39.7545288,-6.4775214
-39.7529203,-6.4764955
-39.7487770,-6.4774798
-39.7463573,-6.4814412
-39.7402219,-6.4822235
-39.7382264,-6.4867765
-39.7290869,-6.4904400
-39.7264453,-6.4952119
-39.7251285,-6.4955251
-39.7449190,-6.5047914
-39.7508991,-6.5114029
-39.7499585,-6.5210724
-39.7451376,-6.5234845
-39.7422696,-6.5299326
-39.7391711,-6.5297668
-39.7390872,-6.5325140
-39.7357734,-6.5368161
-39.7304637,-6.5381979
-39.7299840,-6.5425813
-39.7374302,-6.5486697
-39.7396711,-6.5589837
-39.7417482,-6.5622188
-39.7502279,-6.5652332
-39.7528922,-6.5762791
-39.7515555,-6.5818074
-39.7561136,-6.5836800
-39.7611971,-6.5822294
-39.7707841,-6.5863414
-39.7706405,-6.5881368
-39.7655321,-6.5920242
-39.7635618,-6.5954111
-39.7671141,-6.6014077
-39.7753115,-6.6091834
-39.7746665,-6.6107648
-39.7706690,-6.6122777
-39.7778960,-6.6201305
-39.7758077,-6.6243497
-39.7733681,-6.6242793
-39.7338918,-6.6000209
-39.7335835,-6.6052779
-39.7297530,-6.6128590
-39.7282516,-6.6140195
-39.7213334,-6.6136260
-39.7195432,-6.6185562
-39.7384766,-6.6114080
-39.7633487,-6.6253585
-39.7741053,-6.6279617
-39.7722991,-6.6339126
-39.7772398,-6.6389454
-39.7784892,-6.6428660
-39.7755000,-6.6499627
-39.7755644,-6.6570752
-39.7825291,-6.6684965
-39.7955841,-6.6728380
-39.8106973,-6.6881071
-39.8294723,-6.6969553
-39.8326397,-6.6998587
-39.8366843,-6.6958929
-39.8339406,-6.6906422
-39.8367269,-6.6882881
-39.8358774,-6.6856357
-39.8383259,-6.6794695
-39.8480162,-6.6801182
-39.8490240,-6.6753980
-39.8529413,-6.6745474
-39.8586093,-6.6790438
-39.8647789,-6.6801596
-39.8650648,-6.6771320
-39.8662956,-6.6765675
-39.8702186,-6.6794462
-39.8766786,-6.6808431
-39.8775425,-6.6763351
-39.8745552,-6.6705671
-39.8870515,-6.6785719
-39.9009215,-6.6845315
-39.9025947,-6.6875560
-39.9106827,-6.6882991
-39.9121612,-6.6896304
-39.9130455,-6.6881031
-39.9210306,-6.6963016
-39.9246708,-6.6963888
-39.9273322,-6.6984847
-39.9296926,-6.6979057
-39.9343259,-6.7020037
-39.9355156,-6.7066797
-39.9404470,-6.7124006
-39.9422178,-6.7125870
-39.9432947,-6.7091474
-39.9451661,-6.7101938
-39.9459488,-6.7079959
-39.9512610,-6.7062657
-39.9526338,-6.7037828
-39.9575474,-6.7013851
-39.9631574,-6.7015673
-39.9619704,-6.6988946
-39.9633459,-6.6975563
-39.9631434,-6.6946922
-39.9688518,-6.6953477
-39.9723767,-6.6865589
-39.9813332,-6.6874946
-39.9814277,-6.6853958
-39.9760064,-6.6803448
-39.9767908,-6.6790057
-39.9747124,-6.6729957
-39.9759832,-6.6689855
-39.9857308,-6.6723055
-39.9871258,-6.6804185
-39.9887991,-6.6815611
-39.9926428,-6.6832715
-40.0008095,-6.6839224
-40.0052160,-6.6868169
-40.0086166,-6.6872113
-40.0140812,-6.6777299
-40.0214143,-6.6787668
-40.0214431,-6.6746775
-40.0293442,-6.6765021
-40.0299800,-6.6719716
-40.0336282,-6.6734366
-40.0404261,-6.6731720
-40.0421841,-6.6775884
-40.0469281,-6.6826846
-40.0520168,-6.6799530
-40.0488535,-6.6744766
-40.0540198,-6.6760097
-40.0568642,-6.6744191
-40.0557905,-6.6692638
-40.0510407,-6.6613776
-40.0476033,-6.6583413
-40.0443623,-6.6504291
-40.0382393,-6.6423109
-40.0369329,-6.6375873
-40.0403653,-6.6275990
-40.0466271,-6.6260029
-40.0547883,-6.6265359
-40.0574406,-6.6241741
-40.0556949,-6.6113854
-40.0522411,-6.6067246
-40.0408194,-6.6011134
-40.0452062,-6.5912128
-40.0442237,-6.5887099
-40.0346543,-6.5873947
-40.0260796,-6.5817159
-40.0268401,-6.5763276
-40.0306039,-6.5696606
-40.0304675,-6.5631952
-40.0351817,-6.5587177
-40.0312323,-6.5479168
-40.0314717,-6.5432339
-40.0346473,-6.5403339
-40.0409574,-6.5388249
-40.0417529,-6.5317070
-40.0518886,-6.5219659
-40.0522784,-6.5184369
-40.0501569,-6.5150839
-40.0534356,-6.5116464
-40.0564187,-6.5109637
-40.0567362,-6.5082938
-40.0595234,-6.5067314
-40.0582228,-6.5041236
-40.0601311,-6.5003267
-40.0554172,-6.4957225
-40.0596994,-6.4905074
-40.0549279,-6.4875337
-40.0570807,-6.4817142
-40.0565754,-6.4782798
-40.0532881,-6.4768837
-40.0530081,-6.4740608
-40.0496224,-6.4737280
-40.0480738,-6.4712175
-40.0488895,-6.4682429
-40.0523231,-6.4675128
-40.0506493,-6.4644964
-40.0514395,-6.4621722
-40.0487494,-6.4608308
-40.0507076,-6.4566449
-40.0481153,-6.4548142
-40.0496808,-6.4534807
-40.0449394,-6.4476448
-40.0454050,-6.4455387
-40.0385529,-6.4403148
-40.0339326,-6.4434650
-40.0329346,-6.4430326
-40.0335511,-6.4403489
-40.0298241,-6.4429183
-40.0285945,-6.4382078
-40.0346486,-6.4320177
-40.0472463,-6.4239560
-40.0600202,-6.4188099
-40.0640838,-6.4145113
-40.0672526,-6.4064357
-40.0765211,-6.4002543
-40.0840871,-6.3798040
-40.0851058,-6.3685986
-40.1073685,-6.3515629
-40.1152284,-6.3487804
-40.1220444,-6.3485949
-40.1280205,-6.3511580
-40.1366143,-6.3505985
-40.1393402,-6.3527932
-40.1424279,-6.3512684
-40.1456495,-6.3550116
-40.1465970,-6.3600160
-40.1524757,-6.3598596
-40.1542760,-6.3583629
-40.1549455,-6.3543006
-40.1575159,-6.3537099
-40.1610298,-6.3555875
-40.1631083,-6.3614304
-40.1730128,-6.3607614
-40.1814558,-6.3649467
-40.1869175,-6.3653938
-40.1908845,-6.3690664
-40.1969278,-6.3712334
-40.2025361,-6.3778530
-40.2069464,-6.3805553
-40.2106949,-6.3807329
-40.2164969,-6.3760266
-40.2182717,-6.3761668
-40.2267692,-6.3865313
-40.2320672,-6.3866594
-40.2372653,-6.3887265
-40.2382030,-6.3915807
-40.2401803,-6.3925827
-40.2451024,-6.3901103
-40.2455064,-6.3872268
-40.2504954,-6.3873766
-40.2501293,-6.3815534
-40.2570195,-6.3751531
-40.2610894,-6.3780824
-40.2578133,-6.3824184
-40.2608803,-6.3859489
-40.2685462,-6.3850501
-40.2719519,-6.3872615
-40.2751787,-6.3872739
-40.2853314,-6.3802642
-40.2903659,-6.3872760
-40.2954515,-6.3909990
-40.3081565,-6.3958746
-40.3076897,-6.4005148
-40.3088530,-6.4026991
-40.3131170,-6.4013459
-40.3129451,-6.3987844
-40.3150032,-6.3977795
-40.3180964,-6.3982528
-40.3224117,-6.4013430
-40.3281739,-6.4014442
-40.4053339,-6.3130774
-40.3013369,-6.2063490
-40.3012315,-6.2063340
